%out_river
%218
1 120.750000 32.250000 4.000000
2 106.250000 9.750000 10.000000
3 95.750000 17.750000 15.000000
4 140.250000 51.750000 17.000000
5 113.250000 22.250000 20.000000
6 -164.250000 62.750000 24.000000
7 -77.250000 6.250000 25.000000
8 -122.750000 48.750000 30.000000
9 143.250000 -3.750000 34.000000
10 111.750000 2.750000 41.000000
11 144.750000 -7.250000 46.000000
12 -122.250000 37.750000 49.000000
13 -77.250000 4.250000 51.000000
14 -162.250000 60.250000 53.000000
15 120.250000 34.250000 55.000000
16 -132.250000 56.750000 68.000000
17 116.750000 36.750000 72.000000
18 113.750000 22.750000 75.000000
19 -150.250000 61.750000 77.000000
20 -130.250000 54.250000 87.000000
21 103.250000 3.250000 90.000000
22 100.250000 13.750000 92.000000
23 -144.750000 60.250000 95.000000
24 162.750000 56.250000 100.000000
25 -78.250000 1.750000 102.000000
26 -158.250000 58.750000 108.000000
27 -130.250000 54.750000 113.000000
28 113.750000 22.750000 119.000000
29 -138.250000 59.250000 122.000000
30 118.250000 5.750000 129.000000
31 102.250000 5.750000 148.000000
32 126.750000 37.250000 153.000000
33 -114.750000 31.750000 165.000000
34 147.250000 -19.750000 171.000000
35 -105.250000 21.750000 174.000000
36 150.750000 -23.250000 178.000000
37 130.250000 -13.250000 182.000000
38 129.750000 -15.250000 186.000000
39 135.250000 -14.750000 187.000000
40 122.250000 40.750000 188.000000
41 -110.250000 27.750000 193.000000
42 118.750000 -20.250000 196.000000
43 113.750000 -24.750000 197.000000
44 116.250000 -21.250000 199.000000
45 114.250000 -27.750000 200.000000
46 -155.900000 59.330000 203.000000
47 138.800000 37.300000 204.000000
48 -124.000000 41.510000 205.000000
49 137.500000 52.700000 210.000000
50 -84.680000 13.070000 211.000000
51 141.530000 43.120000 214.000000
52 120.330000 28.150000 219.000000
53 -84.400000 11.020000 224.000000
54 -133.700000 58.540000 231.000000
55 -88.700000 13.430000 238.000000
56 111.830000 -7.100000 239.000000
57 140.070000 38.750000 241.000000
58 -83.470000 8.950000 244.000000
59 136.740000 35.310000 249.000000
60 -80.000000 -1.700000 257.000000
61 96.470000 18.920000 259.000000
62 128.850000 35.400000 262.000000
63 -77.480000 1.620000 263.000000
64 99.830000 13.560000 272.000000
65 121.680000 16.600000 273.000000
66 135.630000 34.800000 274.000000
67 114.640000 3.970000 277.000000
68 148.700000 -9.350000 280.000000
69 120.820000 15.150000 282.000000
70 117.290000 5.300000 283.000000
71 103.050000 5.130000 292.000000
72 115.920000 5.120000 303.000000
73 100.970000 4.820000 304.000000
74 -78.820000 9.180000 312.000000
75 112.200000 -7.480000 314.000000
76 137.210000 36.700000 323.000000
77 117.230000 5.850000 324.000000
78 -97.620000 16.280000 325.000000
79 120.600000 15.900000 330.000000
80 131.380000 31.940000 334.000000
81 127.130000 41.530000 338.000000
82 126.860000 36.310000 339.000000
83 146.110000 -7.810000 340.000000
84 -78.470000 0.870000 341.000000
85 -82.330000 8.420000 347.000000
86 -78.000000 -9.000000 348.000000
87 99.120000 14.430000 349.000000
88 132.300000 34.990000 350.000000
89 134.200000 34.050000 353.000000
90 147.180000 -9.050000 354.000000
91 158.400000 53.180000 355.000000
92 118.750000 39.720000 367.000000
93 138.230000 36.620000 371.000000
94 121.650000 14.740000 375.000000
95 120.750000 23.830000 382.000000
96 -150.020000 62.330000 384.000000
97 99.140000 9.140000 385.000000
98 130.480000 33.320000 388.000000
99 -99.630000 16.930000 393.000000
100 -92.150000 14.680000 405.000000
101 108.720000 -7.460000 409.000000
102 -81.630000 8.070000 414.000000
103 -80.980000 8.240000 427.000000
104 118.180000 25.050000 433.000000
105 -105.150000 21.970000 437.000000
106 126.300000 39.750000 439.000000
107 -80.150000 -4.300000 440.000000
108 -84.380000 9.930000 442.000000
109 -98.270000 16.700000 451.000000
110 136.180000 36.100000 457.000000
111 -133.610000 58.200000 459.000000
112 138.550000 35.200000 460.000000
113 132.500000 34.450000 461.000000
114 120.650000 23.050000 464.000000
115 143.430000 42.930000 465.000000
116 126.180000 38.980000 466.000000
117 134.080000 34.670000 468.000000
118 178.280000 -17.810000 481.000000
119 -82.830000 8.530000 482.000000
120 178.100000 -18.190000 491.000000
121 123.240000 41.460000 492.000000
122 101.450000 3.400000 494.000000
123 127.570000 35.180000 502.000000
124 142.600000 51.130000 506.000000
125 -81.250000 8.200000 509.000000
126 126.450000 40.670000 511.000000
127 -106.950000 24.490000 512.000000
128 -76.150000 -13.000000 516.000000
129 133.000000 33.230000 519.000000
130 123.770000 41.320000 521.000000
131 -133.110000 57.170000 527.000000
132 121.370000 41.180000 531.000000
133 135.880000 34.750000 533.000000
134 110.230000 -7.740000 534.000000
135 -106.600000 23.950000 535.000000
136 128.300000 35.310000 538.000000
137 126.720000 35.030000 548.000000
138 -85.950000 13.500000 549.000000
139 130.570000 32.920000 551.000000
140 -108.020000 25.900000 554.000000
141 99.610000 7.550000 555.000000
142 130.750000 32.660000 556.000000
143 130.800000 32.220000 565.000000
144 -103.630000 18.800000 568.000000
145 100.670000 5.200000 571.000000
146 -88.410000 13.280000 572.000000
147 103.750000 1.780000 573.000000
148 120.800000 24.300000 575.000000
149 -105.130000 20.920000 577.000000
150 126.220000 39.240000 579.000000
151 121.070000 22.900000 580.000000
152 126.990000 -14.660000 581.000000
153 -105.350000 22.500000 585.000000
154 101.680000 2.850000 593.000000
155 121.500000 24.180000 603.000000
156 101.160000 4.110000 613.000000
157 -130.070000 56.030000 627.000000
158 -109.050000 25.950000 628.000000
159 100.450000 6.220000 632.000000
160 -80.530000 7.870000 633.000000
161 -77.200000 -11.130000 635.000000
162 -79.270000 -6.610000 637.000000
163 116.080000 5.780000 642.000000
164 -90.090000 13.840000 645.000000
165 136.870000 35.200000 647.000000
166 127.420000 36.380000 649.000000
167 -79.280000 -7.280000 650.000000
168 -103.950000 18.950000 651.000000
169 147.600000 -20.580000 656.000000
170 145.980000 -17.620000 657.000000
171 145.620000 -16.800000 659.000000
172 120.530000 22.450000 670.000000
173 117.400000 39.770000 671.000000
174 -107.380000 24.930000 688.000000
175 -131.640000 56.210000 690.000000
176 -95.330000 16.430000 692.000000
177 131.520000 34.050000 693.000000
178 148.130000 -20.830000 699.000000
179 121.300000 23.420000 704.000000
180 132.420000 44.270000 707.000000
181 -80.480000 8.420000 714.000000
182 121.280000 24.650000 723.000000
183 103.170000 1.930000 724.000000
184 101.710000 3.150000 727.000000
185 -135.280000 59.470000 735.000000
186 121.480000 24.570000 739.000000
187 121.270000 24.300000 757.000000
188 116.820000 -23.310000 762.000000
189 147.380000 -9.280000 763.000000
190 132.640000 33.490000 768.000000
191 120.830000 24.450000 771.000000
192 -149.420000 -17.550000 774.000000
193 166.280000 -21.950000 775.000000
194 -84.650000 10.050000 777.000000
195 125.740000 -14.950000 778.000000
196 -131.180000 55.380000 780.000000
197 120.450000 23.120000 796.000000
198 164.990000 -20.780000 802.000000
199 128.830000 41.730000 819.000000
200 121.170000 24.700000 820.000000
201 118.300000 -20.700000 824.000000
202 120.300000 23.280000 826.000000
203 164.420000 -20.430000 828.000000
204 126.210000 -14.800000 830.000000
205 -77.000000 -11.800000 831.000000
206 126.790000 -14.790000 843.000000
207 120.450000 23.500000 846.000000
208 126.500000 -14.810000 850.000000
209 -149.320000 -17.650000 864.000000
210 -78.280000 -9.480000 872.000000
211 166.850000 -22.230000 876.000000
212 -155.150000 19.770000 887.000000
213 -78.020000 -10.070000 889.000000
214 115.110000 -25.740000 908.000000
215 -159.420000 22.070000 910.000000
216 -156.580000 20.950000 913.000000
217 -156.130000 20.820000 914.000000
218 120.000000 30.000000 925.000000
