
-65.1776430198 46.0948686146 0.0000000000
-63.9820000000 44.3140000000 31.2437591553
-64.9180000000 43.6160000000 32.4024085999
-65.7110000000 43.2190000000 32.5301589966
-66.2830000000 43.6480000000 32.8031997681
-66.5840000000 44.3140000000 32.8316192627
-67.0600000000 45.5900000000 0.0000000000
-77.6600000000 38.5700000000 0.0000000000
-75.3110000000 35.1120000000 36.1651496887
-76.0090000000 34.8740000000 35.8244705200
-75.7550000000 36.8090000000 32.9317016602
-75.2310000000 35.6030000000 33.1470184326
-75.1840000000 37.8410000000 32.9911994934
-74.8820000000 38.7610000000 32.0705909729
-75.1000000000 41.4900000000 0.0000000000
-72.6900000000 43.5400000000 0.0000000000
-69.3600000000 44.8700000000 0.0000000000
-67.2500000000 44.4090000000 32.8016510010
-68.2500000000 44.0290000000 32.8920402527
-69.2340000000 43.7430000000 32.9616699219
-70.1220000000 43.4570000000 32.7704811096
-70.7090000000 42.9180000000 32.6512184143
-70.4400000000 42.6480000000 32.7075195313
-70.7410000000 42.3780000000 32.5283889771
-70.3600000000 41.8870000000 32.0378990173
-70.2650000000 42.2040000000 32.6488685608
-69.8680000000 41.9180000000 32.5087394714
-69.6300000000 41.2200000000 32.3221817017
-70.8200000000 41.1730000000 32.3305091858
-71.4390000000 41.3310000000 32.3360900879
-71.8830000000 40.9500000000 32.0625801086
-72.8200000000 40.6010000000 32.3239898682
-73.8350000000 40.4270000000 32.5212211609
-74.1840000000 39.5070000000 31.6078090668
-79.5500000000 36.4700000000 0.0000000000
-77.8650000000 33.6520000000 36.0918312073
-78.6590000000 33.6360000000 35.9611892700
-77.3420000000 34.3500000000 35.8391685486
-76.4370000000 34.3180000000 35.8108711243
-81.5270000000 25.1730000000 36.2331504822
-81.5070000000 25.4350000000 35.7176284790
-79.9670000000 25.7160000000 36.2052383423
-80.1700000000 25.1340000000 36.2105484009
-81.8000000000 33.9100000000 0.0000000000
-80.4040000000 32.1290000000 35.5004501343
-81.0330000000 31.4610000000 34.3962402344
-79.6420000000 32.6680000000 35.0525016785
-79.0080000000 32.9700000000 35.3381996155
-81.8560000000 25.7450000000 35.2579689026
-79.9570000000 26.3650000000 36.2047500610
-79.9180000000 26.9070000000 36.2097282410
-82.0500000000 26.2970000000 35.0467414856
-80.1900000000 27.5370000000 36.2326393127
-82.3880000000 26.4180000000 35.0093307495
-82.6020000000 27.0240000000 34.9679298401
-82.9700000000 27.5110000000 34.7990493774
-80.3930000000 28.4290000000 36.2125091553
-83.0650000000 28.1650000000 34.4961013794
-80.9840000000 29.5430000000 36.4879608154
-83.1840000000 24.4950000000 36.2319717407
-83.0290000000 24.9210000000 36.2397193909
-81.8560000000 24.8730000000 36.2031402588
-80.7610000000 24.6790000000 36.2099494934
-81.9340000000 24.3490000000 36.2187805176
-82.8740000000 24.3010000000 36.2460289001
-83.3980000000 28.7230000000 35.1364402771
-81.2750000000 30.5310000000 34.7835006714
-83.6470000000 29.5070000000 35.0909614563
-84.0750000000 29.8630000000 34.8088912964
-85.0300000000 33.1000000000 0.0000000000
-84.9180000000 29.4360000000 34.4256095886
-85.2510000000 29.4830000000 33.7240486145
-85.5960000000 29.7090000000 34.8706398010
-86.3560000000 30.2310000000 35.4089698792
-88.8200000000 32.1200000000 0.0000000000
-88.4940000000 29.9700000000 35.0269584656
-88.5770000000 29.4000000000 35.6655998230
-88.1970000000 30.0530000000 34.5799903870
-87.3650000000 30.1360000000 34.6779899597
-88.9570000000 28.6870000000 36.1898689270
-89.9670000000 28.3660000000 36.3140296936
-90.8820000000 28.3190000000 36.1127586365
-91.3690000000 28.4610000000 35.9169692993
-91.9400000000 31.4100000000 0.0000000000
-91.6780000000 28.8060000000 34.2088012695
-92.1290000000 28.9720000000 33.9913101196
-92.5920000000 29.1030000000 34.4452095032
-92.8650000000 29.4470000000 32.4618110657
-93.3520000000 29.5420000000 31.3994693756
-95.9300000000 30.8400000000 0.0000000000
-94.5280000000 29.2340000000 31.6482295990
-95.7400000000 28.4500000000 33.8862609863
-98.3900000000 29.3100000000 0.0000000000
-97.0820000000 27.4870000000 34.0108604431
-97.0350000000 26.3350000000 34.8449707031
-96.6550000000 27.9740000000 33.6819496155
-99.1600000000 26.4400000000 0.0000000000
-101.4600000000 26.3900000000 0.0000000000
-101.3600000000 29.2600000000 0.0000000000
-99.2100000000 31.6100000000 0.0000000000
-96.2400000000 32.3300000000 0.0000000000
-92.5500000000 32.6900000000 0.0000000000
-89.3800000000 33.1000000000 0.0000000000
-86.3100000000 33.8100000000 0.0000000000
-83.2900000000 34.9900000000 0.0000000000
-82.2100000000 37.4000000000 0.0000000000
-80.3200000000 40.3100000000 0.0000000000
-77.2000000000 42.6700000000 0.0000000000
-74.0700000000 44.3100000000 0.0000000000
-71.0000000000 46.2000000000 0.0000000000
-68.0300000000 47.3800000000 0.0000000000
-66.4500000000 47.9900000000 0.0000000000
-60.9970000000 45.1110000000 31.2437591553
-61.7410000000 47.1880000000 0.0000000000
-62.6060000000 49.4370000000 0.0000000000
-91.6220000000 30.3110000000 0.0000000000
-92.0030000000 30.0910000000 0.0000000000
-92.3990000000 29.9380000000 0.0000000000
-92.6880000000 30.5170000000 0.0000000000
-93.3660000000 30.6310000000 0.0000000000
-93.9140000000 30.5250000000 0.0000000000
-94.7020000000 30.3420000000 0.0000000000
-95.0690000000 31.5250000000 0.0000000000
-94.0860000000 31.3170000000 0.0000000000
-96.3430000000 29.7930000000 0.0000000000
-97.5750000000 28.7190000000 0.0000000000
-98.2500000000 26.1460000000 0.0000000000
-96.7670000000 29.2020000000 0.0000000000
-88.1630000000 30.8070000000 0.0000000000
-87.7390000000 30.7990000000 0.0000000000
-91.1990000000 30.4900000000 0.0000000000
-90.6960000000 30.6040000000 0.0000000000
-89.7180000000 30.7370000000 0.0000000000
-90.2970000000 31.6390000000 0.0000000000
-86.7340000000 30.9640000000 0.0000000000
-85.8160000000 30.9940000000 0.0000000000
-92.6145000000 30.1111000000 0.0000000000
-92.8260000000 30.2154000000 0.0000000000
-93.2038000000 30.3338000000 0.0000000000
-89.8846000000 29.9097000000 0.0000000000
-89.9542000000 29.8937000000 0.0000000000
-89.9916000000 29.9793000000 0.0000000000
-90.1603000000 29.9981000000 0.0000000000
-90.3932000000 30.0409000000 0.0000000000
-90.6422000000 30.1078000000 0.0000000000
-91.0143000000 30.0302000000 0.0000000000
-90.7814000000 29.9071000000 0.0000000000
-90.6154000000 29.9954000000 0.0000000000
-90.5003000000 29.9847000000 0.0000000000
-90.3236000000 29.9017000000 0.0000000000
-90.1496000000 29.8910000000 0.0000000000
-91.2901000000 29.9579000000 0.0000000000
-91.4534000000 29.8696000000 0.0000000000
-91.6836000000 29.8937000000 0.0000000000
-91.8683000000 29.9713000000 0.0000000000
