396
508234
508171
414703
418156
418579
414648
414966
414701
365738
451428
454858
365491
450305
414706
425015
425642
413851
413685
413511
413577
425489
423360
413537
414636
414059
414083
413545
413593
415963
414100
423217
423385
457116
456254
455997
386884
491525
388959
387363
387389
341569
488183
488412
388963
488187
491598
341673
487205
386990
488189
380086
492731
387172
389024
387122
380209
380089
380579
380696
388998
389005
389020
389012
487428
490556
490686
488956
493097
488595
488474
488475
488476
492696
492839
493184
493185
380191
341563
488555
341411
488348
487490
487478
494918
493671
382559
341828
341688
353354
377974
378438
352968
351102
380092
344381
343821
342209
350617
344492
351134
351105
352806
352844
379026
378113
344496
342342
344405
343987
350716
378247
379275
378017
378025
378099
377973
378071
378163
379033
380294
378594
377982
377971
378599
378446
496570
496684
496790
343056
343036
347187
346360
346099
346020
341923
342005
342699
342997
346055
497483
497444
258999
258986
258579
259778
259840
260116
259872
496927
259755
258145
236894
258921
258926
257863
238887
258197
175661
258362
258192
258387
257737
257452
258008
258160
237135
238937
238547
236360
236905
236811
230957
236769
236861
228314
228312
258406
258395
258555
258554
176664
236820
230942
230790
231655
231614
237118
237116
236863
236859
236907
365730
237192
237195
359746
359737
364269
365425
360910
364346
360880
347227
347244
359740
361953
364358
306385
309761
309749
309717
307727
310239
303745
265132
306152
306236
303755
311382
306431
303769
303551
306381
303501
302919
302654
303505
302699
309714
306191
306361
309694
258206
239001
239005
298016
298220
297963
231833
298183
298231
298859
299065
301822
301804
307029
306413
302626
169354
302103
302101
281521
306363
301807
281582
315173
310305
312294
312613
310226
312209
315169
311992
310224
310228
310850
295557
316200
309925
315961
310422
290915
281469
310322
310463
310718
314478
281097
309746
315158
316194
316173
294980
295082
313947
314052
293775
293762
315811
316146
67085
78020
77713
77952
77790
77694
76493
76080
77742
77737
78160
75835
75901
78293
77538
76201
76062
75359
76027
76077
76094
80061
78957
70726
121085
78598
78916
78548
78535
68152
70674
78919
78903
78964
70712
68246
68205
143120
143438
144039
144022
146573
143430
143428
143412
145797
152824
75158
72541
75051
72312
128536
75263
75310
72324
320812
124155
128193
80854
141995
141924
128046
127984
127067
126738
124065
127742
124753
320914
128058
122356
157719
157705
122012
132038
130742
130759
161894
121706
122618
122723
122347
122303
122551
156741
122386
156948
121728
501205
500718
501083
501204
171012
80848
320867
320855
320802
312379
321191
139024
162969
499895
499949
497953
497862
499938
529125

14
418453
491339
520426
488956
377990
342011
359739
77325
77736
77531
143429
124776
122299
497947
