2656670 5260
1463438 862
1403774 4983
3808686 1754
3809130 423
2976864 329
3065450 3464
3193784 3188
3100077 3125
3186323 2982
3722027 1248
4357902 6624
4981091 3588
4970870 3615
5273898 7208
4226019 3505
4639236 7432
4720020 6650
4718613 6635
4914215 6234
2881054 1693
2988478 4319
3209181 3148
2359793 3270
2656433 5292
2655407 6518
2652960 6527
2554039 7687
2418086 283
2444206 284
2470918 282
2463892 613
2456248 600
2457772 584
1784217 3843
2979573 4582
3022629 4611
3008979 4487
1102688 1507
1940090 5062
1921606 4691
1921603 4758
1902725 4770
1882089 4479
1940816 4717
1916851 4761
1882713 4471
1903373 4469
1870374 4678
5189255 3420
5209524 3392
4561085 5390
3008420 7632
2960027 7590
2962393 7445
2962384 7515
2934379 7629
2999231 7638
3018692 83
3018663 76
2540156 3923
2530725 6671
2512020 6679
2580197 4070
2581689 3875
2495181 6681
1160020 5236
1226218 5446
3409152 2592
1651511 3881
3823683 334
3821623 461
3812665 593
3824898 307
4645539 7137
4640308 7135
4603933 6862
5414428 7122
5491537 7469
5421654 7108
5478417 7335
5424659 7121
4651656 7486
4638330 7364
4633145 7472
4633140 7482
4633927 7439
4636518 7310
4743593 4508
1239198 5558
1249424 5559
1193292 5562
1180530 5557
1190370 5554
1191806 5571
1487733 562
1482588 575
1481859 561
1481130 585
1485878 578
1492499 574
2239683 5736
2074288 2428
2159365 2740
2287681 5749
1650723 5910
1699607 5891
2265037 5805
2260737 5799
2247888 5842
2095719 2418
2231925 5826
1650733 5856
2291897 5822
5155419 3345
5083083 3605
5090022 3627
5063332 3601
5053128 3352
5100175 3335
5131809 3346
3038034 7518
3060844 7656
1629079 7255
1616405 7257
1678143 6989
1644828 7214
1623666 7219
1599186 7222
1601252 7204
1585902 7206
1573148 7174
1564829 7182
1246643 5124
1213758 5133
1035215 937
4298148 3522
5249300 4218
5224660 3851
5191524 3878
5226758 4199
5226757 5117
5226762 4195
5182169 3856
5232926 3846
5475049 7394
2718970 2466
1262817 5512
4495107 6412
5592738 7654
5598836 264
5591203 7658
5591208 243
5354857 3114
2892281 4935
2892185 4549
3091061 5566
2884409 5473
2900693 5008
2886220 4556
4865817 6216
4861779 6222
4836577 4515
1558896 216
1561903 126
2483673 4283
2471420 4279
2513263 4028
2477727 4187
2508880 4034
2484871 4174
2481290 4181
4442050 4744
4441962 4463
4445165 4457
4403444 4123
4378813 4044
4280428 4008
4382207 4130
4382210 4132
4321124 3807
4454530 4542
4231712 3502
4263930 3540
2711694 2434
2684985 2467
1800355 7052
1803702 7045
1791450 7053
2854453 4510
3012076 6708
1253331 5628
1239184 5604
1286221 5707
1282603 5631
4553570 6466
1585804 129
1560398 133
1558889 128
1585781 160
1569682 151
5639425 2286
1680963 1606
1839686 2266
1806929 2175
1762487 2015
1665736 1528
1572165 3783
1551630 3769
1528720 3765
1508947 4358
1505487 4355
1540662 3759
1506742 4016
1498424 3996
1501363 4544
1507824 4005
1498420 4014
1562491 4106
1531421 3695
1923692 3052
1608635 2727
1574095 2694
4098168 3226
4124286 3490
4286261 3767
4277126 3556
4109433 3224
4246876 3748
4159300 3269
4085323 3100
4231726 3481
1548132 3348
1516977 3330
1519154 3369
1531386 3442
1528507 3446
5643269 267
5644946 275
5594364 271
5641888 263
1622027 3829
1471122 815
1513418 655
1473417 746
1472089 744
2696577 2503
2670611 2590
2678214 2540
2666104 2623
2666898 2620
2676550 2492
2664551 2573
2674338 2510
2599009 7630
2592068 7598
1265459 5885
1271697 5878
1249349 5652
1294333 6039
1262604 5688
1264622 5852
3150047 197
3087318 546
2972399 463
3324957 554
1475521 2576
1467655 2528
1462178 5298
1457390 5290
1453183 5164
1454983 2809
1439710 3087
1447039 5162
1442165 5175
2660397 2845
2675927 2936
2670885 2853
2666538 2851
1333710 5499
1635213 3890
4926255 349
4656808 7678
4643732 90
2527159 506
2495842 407
2478767 286
2512942 398
2489156 401
1548503 4059
1772520 3773
1568870 4088
1775290 3771
1619911 3744
1602091 4073
1249342 5636
1249347 5654
1693432 6138
1760389 6143
1687661 5913
1624061 5861
1774684 6063
1687684 5864
1408736 4734
1404041 4683
1404261 4699
1405392 4723
1413137 4676
1421660 5042
1412449 5044
1415329 5036
1412225 4702
1417320 5025
1413959 5013
1404045 4919
1404291 4657
1411582 4748
4658805 241
4655707 223
4667368 233
3796431 1536
3796354 1223
3798848 3040
3800088 1591
3795916 1604
3804251 1828
3804115 1854
3802080 1810
3807512 1815
3780458 1648
1067221 1033
1074026 1007
1070830 1093
1114692 1156
1120772 1109
4463419 4765
4533584 5064
4543017 5060
4533576 5070
4516305 4756
4492002 4822
2513236 3959
2503845 4153
2513210 3967
2553001 4116
2566960 4108
2562831 3942
1322675 6915
1386202 6704
1311461 6859
1335878 5417
1293600 6869
1382015 6706
1366631 5392
1027770 5501
1306607 7089
5364223 3122
5324607 3241
1249882 6204
2981243 7558
3033619 7532
4919178 3008
1711719 6430
1068568 1004
1065776 1127
1420730 5068
1441903 5227
1424346 5222
1419963 5186
1662798 7556
1639646 7545
1647263 7434
1671985 7423
1665827 7576
1614050 7581
1616268 30
1639772 33
3039570 5775
2977755 5818
2586965 7628
2576888 7589
1400182 6454
4636371 7604
4622122 7616
1107664 1651
1028841 1970
1120830 1436
1113319 1650
1143561 1589
1136239 1430
1027787 1194
5076319 3185
5252751 3175
5283968 3229
5217405 3177
5131479 3167
5226133 3150
5243846 3159
1724603 6076
1669433 6129
1678418 6286
4007633 1933
1303496 5491
5176870 3989
5118162 3916
5155475 3886
5093453 3897
5164710 3893
5193842 3826
5135527 3975
5118215 3979
5107667 3672
5028733 3641
5073263 3673
5086659 3904
5170931 3984
1841175 4875
1815582 4880
1855505 4879
1512710 3803
1940915 3547
1862859 4865
1819097 4893
1936078 4816
1851819 4829
1866659 4864
4683461 7079
4710470 6852
4685483 6728
4729775 6735
4729613 6836
4701493 6749
4712122 6736
4672439 6849
4682770 6847
4690960 6729
1224741 5432
1196813 5424
1207003 5429
1216539 5450
3029806 6369
1403306 6380
1402987 6555
1403560 6549
4498308 6043
4481545 6114
4425790 6049
4351594 6069
4323570 6071
4529865 6042
3702327 1973
4821447 6394
4883134 6446
2988334 6319
3042647 6065
3047007 6081
5077026 3545
5057059 3568
5067168 3546
5053620 3570
5007347 3586
1517937 1310
1499227 1297
1509940 1256
1523796 1320
1528126 1308
1507611 1068
1514680 897
1656965 6310
1546501 1526
1601388 1338
1597105 1339
1645068 1447
1583870 901
2649367 6605
2650858 6600
2651260 6584
2650710 6554
2650125 6594
1619329 3832
1870554 4963
1851481 6938
1851550 4940
1826195 6931
1811815 7140
5292520 4045
5226707 3439
5182162 3461
5259966 3419
1637813 7612
1662792 7557
1033696 1306
1031358 1232
1031064 1241
1030641 1242
1031513 1178
1032942 1221
1031585 1191
1032763 1337
4429067 6812
4553173 6855
4494875 6770
4367823 6798
4364533 6795
4403374 6768
3171126 321
3113722 155
3025416 169
2979139 175
2974834 182
3065764 191
2972403 187
4658425 7013
4654421 7048
4645787 7016
4636193 1760
1045149 886
1042513 848
1047121 974
1045601 954
5022742 3031
5026157 3034
3308194 3048
3291627 2976
3496955 2986
3209272 3252
3087311 3133
3193865 2978
3402028 2975
3026829 5937
5215860 3645
5207272 3441
5182159 3638
1136234 1656
1116454 1820
1095703 1831
1743274 6145
1711845 5853
1403771 6383
1461803 1098
1464692 1097
1466062 975
1466532 980
1463438 835
4478191 5048
4438678 5033
1925656 4912
1889828 4936
2661944 2648
1035841 841
1033994 881
1033595 839
1032946 838
1035391 843
1034427 920
1034114 833
1602036 3764
2708938 2273
2701141 2274
2691059 2168
2693889 2162
4913045 6240
4911273 6242
1087865 2256
1083123 2290
1075945 2450
3721504 1341
3736483 1382
3748438 1102
4922612 3006
4632952 6876
4667145 7055
4668241 7000
4644415 6965
4675923 7036
4643366 6920
2934448 7372
2964806 7399
2964869 7379
2906162 7161
2993312 7374
2902258 7148
2974993 7398
3347712 2642
3001924 2224
2995929 2130
3483514 2677
3643435 2599
3193781 2213
2489950 596
2483256 595
2485445 668
2473983 738
2504683 603
2496772 684
2497132 497
2480807 611
2481986 667
2506190 471
2471680 616
1471593 742
1471099 1011
1484166 1387
1496392 872
1468564 997
1484147 1413
4348423 6630
3022853 4709
3052432 4706
3713699 1965
3715365 2078
1601118 34
1605296 7553
1631753 55
4905676 6461
1497138 1999
1523568 1588
1468833 1568
1478131 1532
1483993 2072
1565002 1853
1540228 1906
1619057 1456
1568303 1509
1544948 1476
1526998 1847
1516958 1833
1525589 1434
1581999 1922
1556000 1822
1514773 1913
1579871 1523
1531304 1435
1066739 1040
1058778 1049
1065602 1047
1047194 1051
1747879 2338
3732330 1931
3725044 1940
1713872 2300
3746329 1351
2520810 430
2512978 479
2707908 2468
2710754 2483
2699516 2517
3859669 1391
3927076 2143
3869051 1425
3865331 1133
3863006 1480
3860814 1465
3838750 1079
3856515 1745
3919620 1792
1733436 7305
1727134 7311
1656592 7212
1756960 7318
1742589 7300
1736637 7262
1669034 7210
1969228 2219
1964103 2279
1910478 2184
1803569 2172
1756907 7009
1771013 7100
1739829 7281
1771148 6817
1742719 6813
1742706 7280
1684280 6967
2459165 660
1191713 5383
1151524 6752
1150177 100
1181822 6698
3717177 2076
1547026 2741
1564151 2718
1507007 2671
1479849 4446
1471166 4414
1470654 4406
1589308 2960
1506889 2715
1485376 2666
1810839 7117
1843582 6865
1791381 6873
1791444 7030
1828896 6883
1714567 6947
1644870 6956
1678226 6950
2837724 4558
2836520 4573
1095251 1505
1077114 1000
1082899 1499
1073841 1104
1178051 1419
1135137 1858
1154777 1376
1151723 1812
1161274 1806
1162747 1363
1164231 1802
1130669 1866
3821468 1044
3858607 1131
3829837 976
3812940 988
1094650 2160
1099038 2194
1087922 1845
5007089 3611
4975007 3591
2536147 338
2463377 299
3025712 5774
3033767 5748
2945718 6073
2969972 6119
2964784 6087
3025590 5812
1132846 6746
3082215 7520
3018722 7534
1635101 6045
1619271 6044
1610135 6059
1546430 1824
1760521 7452
1721866 7444
1715280 7447
1743387 7450
1580792 2961
1271076 5399
1268948 5709
1253325 5770
1262808 5679
1048837 991
5035229 3594
4663734 1031
4663855 1042
4646630 1781
3023212 5846
2943097 6195
2928753 6186
2997265 5942
2975364 5903
2988748 5970
3000012 5806
2940282 5809
3312478 5032
1862651 4484
1851456 7342
1786375 4584
1874411 4649
1826257 4945
1851376 4448
1645510 4162
1766266 4137
1769077 4429
1737798 4105
1811809 7365
1768916 7336
1866547 4641
1837183 4954
1826136 7154
1822595 7147
2660361 2665
2658177 2725
2664876 2701
2536154 367
2539302 347
2557546 245
2548222 106
2555852 108
2563642 261
2544702 210
2537806 190
2517685 112
2513127 117
2539306 343
2553912 355
5093379 3630
1616767 5862
1983981 2166
1629429 6170
1621592 1927
1943772 2158
3002914 6020
1117518 2084
1110483 2071
1134517 2111
1107617 2066
4738455 4505
1137289 6762
1359607 6515
1382454 6525
1385795 6507
1359604 6528
1388128 6505
4832722 6487
5043301 3024
5001246 2994
5077475 3030
4990678 2998
4988209 2997
5050423 2984
4993188 2987
5060501 2992
4981204 3003
1547837 693
1544716 608
1541646 698
1573191 689
1535409 696
2979499 6338
2652102 6595
2650319 6593
4663722 6814
3898593 412
5645718 226
4435517 5400
4460268 5430
4498413 5421
1773510 2339
1843099 2344
1043642 1073
1042819 1269
1044444 949
1042869 1151
1045222 1059
1104970 2152
1230332 5435
1233892 5419
3266813 710
3208986 453
3347656 644
3307723 707
4686512 3093
4681513 2848
4648630 806
4654654 813
3865915 325
3012438 4679
3022846 4681
3005945 4673
2999748 4607
1482519 379
1498150 7538
1509834 4
1482553 346
1478863 364
1471497 376
1469915 341
1493395 7541
1472017 373
1045173 1052
4092974 3225
4090344 3238
1155729 1763
1123816 1725
1178320 1767
1192381 1750
1188073 1740
1191155 5552
1178526 7337
1171042 7162
1128568 7221
1101097 7264
1179833 5261
3276056 279
3065974 5759
3051183 5741
3135980 7559
1544563 122
1536811 89
1512192 7535
1508653 6
1504171 21
1512137 17
1563322 48
1536794 31
1170504 1925
1167232 1917
5257999 4101
5270674 4138
5277606 4136
4320907 5619
4280243 5576
4198982 5561
4354824 5570
4312290 5550
1473408 1804
1873567 2180
1473412 1403
1457443 1797
1458335 1742
1861832 2167
1881401 2230
1488723 1200
1464297 1170
1454525 1625
1456642 1734
1543864 2947
1595376 3999
1595383 3983
1597558 3663
1565599 2954
1034562 832
3081345 720
3065520 715
4610994 6925
4628072 6954
4624802 6911
4599188 6953
4617393 6987
2626692 6909
2632984 6908
2620439 6929
2615200 7289
2647935 6850
2648219 6878
2647252 6867
2618541 6926
2623681 6982
2611761 7225
2645879 6803
2646550 6612
2641812 3863
1165947 4731
1159993 4413
1164343 4650
1158503 4773
1178380 4791
1155734 4646
1153111 4686
1582169 2881
4768073 6490
4740300 6493
4748811 6587
4745337 6641
5028982 3510
5007219 3414
4951487 3429
5090138 3737
5053188 3697
4975193 3499
4966708 3400
4995614 3402
5067172 3543
5093590 3731
4940917 3381
5090676 3552
5090578 3754
4690116 7084
4678287 383
2201048 3112
2155066 3099
2158973 3124
2151110 2886
1963553 2916
1938613 2877
2247644 3107
2029547 2866
1799932 2717
4385595 6388
4409939 6385
4348414 6390
4326500 6372
4332502 6548
4445074 6432
4425778 6428
1507463 702
5263088 7168
5317000 3022
5301137 3001
3910124 2097
3910061 1795
1597563 3939
5001123 3574
4977260 3577
5010286 3580
5383945 3230
5361894 3256
5389813 3288
5272748 4096
5297461 4067
5388987 7116
5298633 7191
3935316 2410
3932075 2378
4027824 2758
3995161 2436
4078768 3062
4047330 2948
3986802 2459
3990816 2452
4001701 2435
4054623 3063
3997403 2444
4964647 3076
3394216 3220
3258949 3198
1663600 7621
1695999 7566
4726142 6638
4704069 6631
2430808 3517
2330834 3303
2359988 3258
2426022 3523
2422094 3329
2429813 3530
1498254 1262
5010287 3582
5001177 3293
3340212 3193
3034150 6467
1742712 7284
4501739 5422
4468947 5211
4495171 5395
1890347 4811
5182163 3844
5083150 3901
2875301 4497
2970195 4478
2872242 4551
2603745 4147
1292012 5998
1277738 6017
1275732 6023
1314572 6007
1288709 5996
3825899 322
4658768 803
4671899 381
4669381 388
4667150 391
4662025 558
4658725 501
4656749 366
4658794 221
4665108 673
4625673 7176
4652075 7185
4631614 7181
4621155 7112
4643899 7314
4647162 7188
4619289 7097
1256391 5373
1250647 5221
1637921 3872
1566725 3629
1616822 3655
1614578 3955
1568491 3681
1610164 3682
1481121 779
1481844 560
4469269 5315
4389462 5876
4403607 5907
4469271 5563
4495447 5575
5264217 4149
5230968 4180
3755425 1314
3756701 1362
3751821 1219
3195262 7561
1301894 6013
1545789 2607
1901233 2869
1692562 2706
1641844 2601
4941580 330
3909324 403
3982623 2148
3956282 1993
3937840 405
5639431 413
5004023 3610
5066897 3717
4940922 3362
5083274 3701
5007202 3740
4981078 3631
5015764 3715
4985583 3690
5000982 3686
5032003 3691
5063494 3757
5100261 3651
1812019 4500
1771948 4488
1660560 4269
1584172 4265
1725141 4528
1690800 4304
1826452 4530
1878906 5097
1763415 4491
1886386 4846
1208352 4973
1157118 4665
1325293 6360
1358765 6323
1332482 6340
1331455 6347
1242445 5218
1226057 5206
1224667 5231
1226070 5168
1227502 5209
1230843 5170
1471961 1696
1470450 1560
1469344 1703
1457824 1808
1456013 1809
1455227 1628
1457431 1369
5080862 3028
5595333 1936
4663315 7313
4650762 7307
2931461 488
2948215 580
3149214 701
3093304 456
2952777 464
2937289 538
2983317 526
2444386 3741
2450971 3614
2451458 3539
2441283 3407
5619700 2041
4946444 3360
1234708 5297
1241818 5302
1216355 5309
1357144 6516
1335428 6480
1328927 6207
1261298 6202
1251854 6205
1398946 6366
1285273 6206
2346091 5678
2430289 3334
5504667 7529
5500182 7479
5569269 2577
5482569 7593
5507288 7456
5493479 7458
5507292 43
1658217 3398
1220483 5359
1224561 5332
1259534 5305
1394490 6510
5202689 3426
2962794 5855
1936353 4855
4998915 3084
4955334 3037
5001654 3089
4981348 3073
2131609 6174
1911276 6187
2122649 5940
2270605 5950
2148292 5971
2189992 6192
2248895 6197
1882088 6163
2236710 5945
2198064 5973
1954162 6159
1949186 6156
4995471 3318
5069800 3311
5018627 3322
4998085 3309
1393524 6710
1398959 6470
1394485 6738
1390270 6702
1394659 6711
1398160 6717
1401655 6564
1401387 6542
1402509 6653
1402437 6568
1401882 6559
1401084 6661
4820200 4512
4825285 4533
3378349 677
3316053 641
4930666 438
1943825 5522
1079372 7173
1087784 7271
4713101 6732
4692141 2832
4717201 6726
4983452 3045
5010637 3057
4979299 3058
3128893 6414
3101483 6457
3137047 6462
2996556 6609
2986022 6665
2977368 6619
2964875 6682
2598033 7413
2608428 7428
2600173 7414
2600175 7455
5289870 3485
4946572 3035
3824757 315
