       65630  1.000000047497451E-003
       67896  1.000000047497451E-003
       67896  1.000000047497451E-003
       67899  1.000000047497451E-003
       67901  1.000000047497451E-003
       67903  1.000000047497451E-003
       67904  1.000000047497451E-003
       67912  1.000000047497451E-003
       67914  1.000000047497451E-003
       67934  1.000000047497451E-003
       67934  1.000000047497451E-003
       67936  1.000000047497451E-003
       67941  1.000000047497451E-003
       69989  9.711233660830039E-004
       69994  1.000000047497451E-003
       70012  8.283564257259423E-005
       70028  1.000000047497451E-003
       70037  1.000000047497451E-003
       70039  1.000000047497451E-003
       70040  1.000000047497451E-003
       70077  1.000000047497451E-003
       70082  1.000000047497451E-003
       70099  1.000000047497451E-003
       70102  1.000000047497451E-003
       70147  1.000000047497451E-003
       70149  1.000000047497451E-003
       70158  1.000000047497451E-003
       70160  8.955458585985709E-004
       70181  1.000000047497451E-003
       70182  8.108909410361282E-004
       70220  8.703568577591134E-004
       70228  9.568761716850416E-004
       70233  9.512295409990542E-004
       70235  9.053801991928752E-004
       70250  9.227271212922383E-004
       70256  8.237117280368672E-004
       70258  8.637867918952533E-004
       70324  4.983182399416813E-004
       70338  4.982131511932275E-004
       70343  4.968148327534198E-004
       70346  5.317036969676492E-004
       74946  5.000000237487257E-004
       74946  5.000000237487257E-004
       74948  5.000000237487257E-004
       74949  5.000000237487257E-004
       74956  1.000000047497451E-003
       74956  1.000000047497451E-003
       74965  1.000000047497451E-003
       75022  1.000000047497451E-003
       75024  1.000000047497451E-003
       75028  1.000000047497451E-003
       75033  1.000000047497451E-003
       75036  1.000000047497451E-003
       75041  1.000000047497451E-003
       75043  1.000000047497451E-003
       75043  1.000000047497451E-003
       75072  1.000000047497451E-003
       75076  1.000000047497451E-003
       75078  1.000000047497451E-003
       75084  1.000000047497451E-003
       75201  4.535703569883850E-004
       75201  4.535703569883850E-004
       75259  1.000000047497451E-003
       75264  1.000000047497451E-003
       75271  1.000000047497451E-003
       75273  1.000000047497451E-003
       75756  2.150198095429121E-004
       75759  1.000000047497451E-003
       76022  1.000000047497451E-003
       76042  1.000000047497451E-003
       76049  1.000000047497451E-003
       76049  1.000000047497451E-003
       76054  1.999999949475750E-005
       76107  1.000000047497451E-003
       76115  1.000000047497451E-003
       76119  1.000000047497451E-003
       76119  1.000000047497451E-003
       76134  1.000000047497451E-003
       76135  1.000000047497451E-003
       76158  1.000000047497451E-003
       76163  1.000000047497451E-003
       76171  1.000000047497451E-003
       76175  1.000000047497451E-003
       76304  1.000000047497451E-003
       76308  1.000000047497451E-003
       76387  1.000000047497451E-003
       76401  1.000000047497451E-003
       76403  1.000000047497451E-003
       76406  1.000000047497451E-003
       76412  1.000000047497451E-003
       76474  4.988486029498817E-004
       76475  9.011881126574118E-004
       76481  6.351122196243923E-004
       76488  1.999999949475750E-005
       76489  1.999999949475750E-005
       76490  1.999999949475750E-005
       76492  1.999999949475750E-005
       76500  1.999999949475750E-005
       76511  1.999999949475750E-005
       76531  1.999999949475750E-005
       76540  1.999999949475750E-005
       76541  1.999999949475750E-005
       76543  1.429797155185916E-004
       76544  1.999999949475750E-005
       76683  1.000000047497451E-003
       76727  1.999999949475750E-005
       76728  1.999999949475750E-005
       77254  1.000000047497451E-003
       77262  1.000000047497451E-003
       77296  1.000000047497451E-003
       77305  1.000000047497451E-003
       77309  1.000000047497451E-003
       77442  7.733872863974284E-004
       77453  1.000000047497451E-003
       77489  1.000000047497451E-003
       77489  1.000000047497451E-003
       77499  1.000000047497451E-003
       77501  1.000000047497451E-003
       77939  4.850492222739558E-004
       77948  1.078702337988470E-004
       77948  1.078702337988470E-004
       77950  1.151923041574991E-004
       77971  1.000000047497451E-003
       77971  1.000000047497451E-003
       77973  1.000000047497451E-003
       77973  1.000000047497451E-003
       77983  1.000000047497451E-003
       77985  1.000000047497451E-003
       77992  7.397938647519441E-004
       77993  1.999999949475750E-005
       78039  8.215699687575289E-004
       78039  8.215699687575289E-004
       78041  1.000000047497451E-003
       78044  1.000000047497451E-003
       78096  1.000000047497451E-003
       78104  1.000000047497451E-003
       78107  1.000000047497451E-003
       78111  1.000000047497451E-003
       78117  1.000000047497451E-003
       78120  1.000000047497451E-003
       78120  1.000000047497451E-003
       78121  1.000000047497451E-003
       78128  1.000000047497451E-003
       78133  1.000000047497451E-003
       78139  1.000000047497451E-003
       78142  1.000000047497451E-003
       78159  1.000000047497451E-003
       78159  1.000000047497451E-003
       78168  5.856129071998002E-004
       78170  8.919785622063064E-004
       78319  1.000000047497451E-003
       78319  1.000000047497451E-003
       78327  1.000000047497451E-003
       78329  9.924765871289348E-004
       78333  9.092829130539139E-004
       78410  1.000000047497451E-003
       78410  1.000000047497451E-003
       78414  3.789093370749760E-004
       78414  3.789093370749760E-004
       78428  1.000000047497451E-003
       78428  1.000000047497451E-003
       78431  1.000000047497451E-003
       78438  1.000000047497451E-003
       78458  1.000000047497451E-003
       78460  7.363717045843187E-004
       78487  1.000000047497451E-003
       78487  1.000000047497451E-003
       78491  1.000000047497451E-003
       78492  1.000000047497451E-003
       78500  6.313367694394619E-004
       78502  1.000000047497451E-003
       78519  1.000000047497451E-003
       78521  1.000000047497451E-003
       78572  1.000000047497451E-003
       78576  1.000000047497451E-003
       78591  1.000000047497451E-003
       78594  1.000000047497451E-003
       78596  1.000000047497451E-003
       78602  1.000000047497451E-003
       78739  1.000000047497451E-003
       78784  1.000000047497451E-003
       78810  1.000000047497451E-003
       78947  1.000000047497451E-003
       78950  1.000000047497451E-003
       78976  1.000000047497451E-003
       78977  1.000000047497451E-003
       78981  9.080892729954466E-004
       78984  3.647390263808811E-004
       78989  1.000000047497451E-003
       79005  1.000000047497451E-003
       79009  1.000000047497451E-003
       79009  1.000000047497451E-003
       79041  1.000000047497451E-003
       79041  1.000000047497451E-003
       79072  1.000000047497451E-003
       79074  1.000000047497451E-003
       79076  1.000000047497451E-003
       79077  1.000000047497451E-003
       79083  1.000000047497451E-003
       79088  1.000000047497451E-003
       79095  1.000000047497451E-003
       79107  1.000000047497451E-003
       79133  1.000000047497451E-003
       79133  1.000000047497451E-003
       79180  1.000000047497451E-003
       79183  1.000000047497451E-003
       79184  1.000000047497451E-003
       79185  1.000000047497451E-003
       79190  1.000000047497451E-003
       79190  1.000000047497451E-003
       79200  1.000000047497451E-003
       79200  1.000000047497451E-003
       79203  1.000000047497451E-003
       79205  1.000000047497451E-003
       79222  1.000000047497451E-003
       79271  1.000000047497451E-003
       79272  1.000000047497451E-003
       79273  1.000000047497451E-003
       79274  1.000000047497451E-003
       79275  1.000000047497451E-003
       79276  1.000000047497451E-003
       79286  1.000000047497451E-003
       79288  1.000000047497451E-003
       79291  1.000000047497451E-003
       79296  1.000000047497451E-003
       79301  1.000000047497451E-003
       79557  1.000000047497451E-003
       79557  1.000000047497451E-003
       79567  1.000000047497451E-003
       79569  1.000000047497451E-003
       79595  1.000000047497451E-003
       79615  9.498980350433376E-004
       79619  1.000000047497451E-003
       79621  1.000000047497451E-003
       79636  1.000000047497451E-003
       79638  1.000000047497451E-003
       79657  1.000000047497451E-003
       79664  1.000000047497451E-003
       79665  1.000000047497451E-003
       79666  1.000000047497451E-003
       79669  1.000000047497451E-003
       79676  1.000000047497451E-003
       79681  1.000000047497451E-003
       79682  1.000000047497451E-003
       79709  1.000000047497451E-003
       79769  1.000000047497451E-003
       79797  1.000000047497451E-003
       79798  1.000000047497451E-003
       79798  1.000000047497451E-003
       79808  1.000000047497451E-003
       79851  1.000000047497451E-003
       79885  4.492290327058096E-004
       90873  9.652570857956598E-004
       90877  7.986203276334016E-004
       91666  1.000000047497451E-003
       95656  1.000000047497451E-003
       95672  6.273575926071396E-004
       95704  1.000000047497451E-003
       98282  1.000000047497451E-003
      134837  5.000000237487257E-004
      134840  5.000000237487257E-004
      137223  1.000000047497451E-003
      139548  1.000000047497451E-003
      139549  1.000000047497451E-003
      139557  1.000000047497451E-003
      139575  1.000000047497451E-003
      139646  1.000000047497451E-003
      139651  1.000000047497451E-003
      139670  5.000000237487257E-004
      139879  5.618375266858493E-004
      139953  5.644172768083808E-004
      139955  5.664777769062493E-004
      141203  1.000000047497451E-003
      141313  1.999999949475750E-005
      141317  1.999999949475750E-005
      141318  1.999999949475750E-005
      141339  1.000000047497451E-003
      141344  1.000000047497451E-003
      141398  1.999999949475750E-005
      141677  1.000000047497451E-003
      141679  1.000000047497451E-003
      141681  1.000000047497451E-003
      141689  1.000000047497451E-003
      141704  1.000000047497451E-003
      141735  1.000000047497451E-003
      141735  1.000000047497451E-003
      141763  1.000000047497451E-003
      141766  1.000000047497451E-003
      141781  1.000000047497451E-003
      141787  1.000000047497451E-003
      141789  1.000000047497451E-003
      141817  1.000000047497451E-003
      141842  1.000000047497451E-003
      141991  1.000000047497451E-003
      141995  1.000000047497451E-003
      142023  1.000000047497451E-003
      142023  1.000000047497451E-003
      142765  1.999999949475750E-005
      142794  1.999999949475750E-005
      142957  1.999999949475750E-005
      142959  1.999999949475750E-005
      142966  1.999999949475750E-005
      143030  1.000000047497451E-003
      144946  1.000000047497451E-003
      144947  1.000000047497451E-003
      144950  9.650297257845231E-004
      144968  9.855278967885715E-004
      145303  1.999999949475750E-005
      145304  3.453031754288677E-004
      145309  1.999999949475750E-005
      145310  6.217626156064944E-005
      145328  1.000000047497451E-003
      145393  1.000000047497451E-003
      145397  4.835983322028878E-004
      145483  3.293860146492079E-004
      145489  1.000000047497451E-003
      145492  1.000000047497451E-003
      145650  1.999999949475750E-005
      145650  1.999999949475750E-005
      145652  1.999999949475750E-005
      145663  1.000000047497451E-003
      145707  1.999999949475750E-005
      145709  5.570821658022979E-004
      145720  1.999999949475750E-005
      146345  5.044346032234972E-004
      146590  1.999999949475750E-005
      146594  1.999999949475750E-005
      147546  1.000000047497451E-003
      147564  1.000000047497451E-003
      151070  1.000000047497451E-003
      153002  1.000000047497451E-003
      153027  1.000000047497451E-003
      153037  1.000000047497451E-003
      153041  1.000000047497451E-003
      153809  2.628984777383351E-004
      153874  1.000000047497451E-003
      153877  1.000000047497451E-003
      154123  3.224923187842497E-004
      154132  2.965827422667816E-004
      154149  3.036566344522191E-004
      155384  8.691211382262074E-004
      155384  8.691211382262074E-004
      155387  4.840285603828411E-004
      155403  9.522789939144828E-004
      155447  2.879317375255151E-004
      155449  2.869290319950107E-004
      155451  4.211039156721633E-004
      155451  4.211039156721633E-004
      157368  1.649957421767230E-004
      157373  1.612184071996735E-004
      157457  1.000000047497451E-003
      157494  1.000000047497451E-003
      157534  2.057917933463688E-004
      157847  1.000000047497451E-003
      157848  6.107358508184175E-004
      157858  1.000000047497451E-003
      157936  5.000000237487257E-004
      157943  5.000000237487257E-004
      157953  1.999999949475750E-005
      157972  1.000000047497451E-003
      157999  1.000000047497451E-003
      158208  1.000000047497451E-003
      158973  1.000000047497451E-003
      158974  1.000000047497451E-003
      158974  1.000000047497451E-003
      158976  1.000000047497451E-003
      159311  1.000000047497451E-003
      159437  1.000000047497451E-003
      159458  1.000000047497451E-003
      159473  1.999999949475750E-005
      159521  4.959375128072898E-004
      159522  1.000000047497451E-003
      159807  1.999999949475750E-005
      159830  1.999999949475750E-005
      159925  1.999999949475750E-005
      159927  1.999999949475750E-005
      159953  4.320702668704901E-004
      159966  4.564658319845767E-004
      160004  5.702588037390716E-004
      160009  4.873784893985809E-004
      160011  4.455549633762557E-004
      160021  4.329693160890018E-004
      160022  4.427489505488241E-004
      160023  4.411065970227601E-004
      160067  4.353838830950514E-004
      160067  4.353838830950514E-004
      160085  4.787715063631330E-004
      160188  4.364871196216004E-004
      160233  4.818864365997359E-004
      160250  4.681451844676429E-004
      160251  5.045332978098412E-004
      160390  4.356553069128951E-004
      160390  4.356553069128951E-004
      160425  6.239767796373053E-004
      160433  5.000000237487257E-004
      160434  5.000000237487257E-004
      160651  1.747795437244576E-004
      160653  1.755664722336533E-004
      160662  1.826658878325966E-004
      160662  1.826658878325966E-004
      160666  1.851234279328038E-004
      160732  3.568003760984611E-004
      160737  4.391382967862724E-004
      160737  4.391382967862724E-004
      160758  2.001873205383638E-004
      160763  3.344219912916322E-004
      160765  1.892669457607275E-004
      160774  5.752938696973503E-004
      160871  5.448496831553440E-004
      160873  4.976925388517606E-004
      160876  4.765146246290331E-004
      160877  4.823121363284171E-004
      160885  5.190560451711559E-004
      160887  4.899241234858818E-004
      160888  5.375060522517819E-004
      160893  5.313497307243075E-004
      160902  4.841121163399437E-004
      160922  5.662155308092479E-004
      160924  4.938755769817793E-004
      160927  5.280368355108150E-004
      161057  8.288582893686544E-004
      161103  1.000000047497451E-003
      161295  1.000000047497451E-003
      161296  1.000000047497451E-003
      161297  1.000000047497451E-003
      161298  1.000000047497451E-003
      161299  1.000000047497451E-003
      161301  1.000000047497451E-003
      161320  1.000000047497451E-003
      161325  1.000000047497451E-003
      161661  4.303130579836592E-004
      161684  4.239146247055870E-004
      161690  1.604391617588350E-004
      161694  1.615067175950680E-004
      161720  1.726556311007658E-004
      161792  4.356462794124431E-004
      161812  1.813865918414680E-004
      161814  1.821223433021623E-004
      161817  1.754928970875848E-004
      161818  1.751924760929323E-004
      161869  1.514626032738978E-004
      161887  1.599478360488848E-004
      161893  1.702813025374321E-004
      161899  1.830643067885595E-004
      162066  1.873003407059736E-004
      163285  1.000000047497451E-003
      163309  1.539414996996894E-004
      163667  8.634638523719208E-005
      163669  8.649978616121580E-005
      163672  7.029610965201246E-004
      163675  1.000000047497451E-003
      163701  1.000000047497451E-003
      163710  1.000000047497451E-003
      163710  1.000000047497451E-003
      163788  7.655511957358058E-004
      163791  8.797154952559300E-005
      163793  2.715778169245845E-004
      163813  1.000000047497451E-003
      163815  1.000000047497451E-003
      163820  1.000000047497451E-003
      163823  1.000000047497451E-003
      163831  1.000000047497451E-003
      163833  1.000000047497451E-003
      163875  1.216495634221620E-004
      163877  1.182098927880503E-004
      163882  1.000000047497451E-003
      163889  1.000000047497451E-003
      163893  1.000000047497451E-003
      164069  1.000000047497451E-003
      164075  1.000000047497451E-003
      164082  1.000000047497451E-003
      164088  1.000000047497451E-003
      164137  1.000000047497451E-003
      164157  1.000000047497451E-003
      165184  1.000000047497451E-003
      165188  1.000000047497451E-003
      165188  1.000000047497451E-003
      165209  1.000000047497451E-003
      165212  2.769190875346605E-004
      165213  2.295244119584029E-004
      165223  1.591352852466360E-004
      165225  7.768912986404810E-005
      165225  7.768912986404810E-005
      165300  1.000000047497451E-003
      165302  1.000000047497451E-003
      165305  1.000000047497451E-003
      165306  1.000000047497451E-003
      165317  7.210041385723566E-005
      165326  6.283150811048170E-005
      165331  7.161841896050211E-004
      165335  1.000000047497451E-003
      165342  1.000000047497451E-003
      165344  1.000000047497451E-003
      165358  1.000000047497451E-003
      165376  1.000000047497451E-003
      165378  1.000000047497451E-003
      165379  1.000000047497451E-003
      165381  1.000000047497451E-003
      165382  1.000000047497451E-003
      165392  6.938282142658159E-005
      165394  6.787720047286491E-005
      165535  1.000000047497451E-003
      165535  1.000000047497451E-003
      165567  1.000000047497451E-003
      165567  1.000000047497451E-003
      165568  1.000000047497451E-003
      165586  1.000000047497451E-003
      165669  1.928811132014402E-004
      165672  3.418530505165020E-004
      165675  2.813519723542219E-004
      165681  1.868949611843570E-004
      165683  1.834632340615911E-004
      165694  2.436514456921489E-004
      165695  1.794361342524037E-004
      165696  1.812891861613620E-004
      165724  1.996730401644267E-004
      165790  1.000000047497451E-003
      165795  1.000000047497451E-003
      165823  1.999999949475750E-005
      165826  1.999999949475750E-005
      167242  3.692796745570605E-004
      167245  3.718239421745861E-004
      167247  3.716684577066064E-004
      167270  3.661258401098902E-004
      167275  3.892461382255423E-004
      167277  4.382038848136871E-004
      167287  3.717770624354959E-004
      167409  3.864482070046932E-004
      167411  3.833214586289981E-004
      167413  3.800820686579910E-004
      167472  5.000000237487257E-004
      167653  4.060526627839506E-004
      167654  4.044531521305545E-004
      167666  4.107787915915428E-004
      167666  4.107787915915428E-004
      167751  1.999999949475750E-005
      167755  1.999999949475750E-005
      167764  1.999999949475750E-005
      167766  1.999999949475750E-005
      167768  3.782954297127308E-004
      167778  3.791896607358446E-004
      167785  3.773456690890929E-004
      167795  1.999999949475750E-005
      167832  1.999999949475750E-005
      167834  1.999999949475750E-005
      167838  1.999999949475750E-005
      167846  1.999999949475750E-005
      167849  1.999999949475750E-005
      167852  1.999999949475750E-005
      167866  1.999999949475750E-005
      167873  1.630090830113562E-004
      167877  1.577671468522905E-004
      167878  1.567433454391997E-004
      167882  1.879272858020477E-004
      167892  1.695396911093573E-004
      167895  1.647036553579042E-004
      167899  1.602074977148347E-004
      167900  2.278175012677828E-004
      167910  1.722296765825402E-004
      167913  1.693349829153332E-004
      167957  1.596825748585431E-004
      167963  1.630344762033630E-004
      167970  1.676914573957968E-004
      167975  2.014787379220106E-004
      167990  3.211232172086800E-004
      167991  1.654666231115633E-004
      168004  4.296240560405562E-004
      168054  4.357076137377546E-004
      168148  1.000000047497451E-003
      168151  1.000000047497451E-003
      168160  1.000000047497451E-003
      168167  1.000000047497451E-003
      168210  1.000000047497451E-003
      168216  1.000000047497451E-003
      168226  1.000000047497451E-003
      168227  1.000000047497451E-003
      168906  1.999999949475750E-005
      168908  1.999999949475750E-005
      168908  1.999999949475750E-005
      168932  1.999999949475750E-005
      168949  1.999999949475750E-005
      169003  1.780608650176488E-004
      169010  1.766639790143115E-004
      171040  4.727281716704419E-004
      171285  1.000000047497451E-003
      172037  6.257597458667417E-004
      172083  3.301412355129173E-004
      172085  3.181085791809620E-004
      172096  4.345528080172322E-004
      172098  1.000000047497451E-003
      172100  7.926326927743747E-004
      172279  8.095886144396809E-005
      172289  3.613728856738208E-004
      172291  3.820266091602973E-004
      172293  3.965296089136175E-004
      172322  4.133267312321533E-004
      172323  3.745263562674951E-004
      172325  3.224028003416674E-004
      172335  3.486126195194131E-004
      172335  3.486126195194131E-004
      172337  3.862396000123413E-004
      172345  3.227301771862961E-004
      172347  4.034177431529504E-004
      172611  4.613888988899020E-004
      172611  4.613888988899020E-004
      172719  1.999999949475750E-005
      172744  1.432479707706465E-004
      172779  1.339806276818619E-004
      172779  1.339806276818619E-004
      172781  1.368595645478763E-004
      172793  1.369195966582072E-004
      172816  3.553885567576957E-004
      172817  3.854703143943273E-004
      172821  3.580916147196488E-004
      172837  3.375381845493305E-004
      172837  3.375381845493305E-004
      172839  3.486653130706902E-004
      173039  3.126459910392328E-004
      173171  3.053357104405632E-004
      173172  3.044371821080382E-004
      173181  3.662437269619304E-004
      173188  3.121747430859799E-004
      173188  3.121747430859799E-004
      173199  3.341671281177026E-004
      173199  3.341671281177026E-004
      173215  3.157354596713188E-004
      173222  3.127388025715967E-004
      173224  9.712885544900854E-005
      173226  9.512448615999180E-005
      173267  9.604228727414513E-005
      173280  1.209588685995999E-004
      173329  1.000000047497451E-003
      174817  1.000000047497451E-003
      180242  1.999999949475750E-005
      182947  3.566560025925550E-004
      183488  5.000000237487257E-004
      183490  5.000000237487257E-004
      183540  3.227736711664496E-004
      183669  2.493346065621000E-004
      183914  4.899418413820795E-004
      183931  4.827812526358260E-004
      184089  5.000000237487257E-004
      184118  5.000000237487257E-004
      185058  1.696029787571259E-004
      185114  2.649674368901011E-004
      185143  3.025329531505693E-004
      185166  3.506958948749552E-004
      185288  4.800620975472025E-004
      185300  4.863079112302449E-004
      185326  2.403463281423926E-004
      185767  2.724835612809343E-004
      185768  2.753312449875521E-004
      185778  2.966923887676537E-004
      185783  3.024751348056935E-004
      185803  3.240813554440248E-004
      185916  4.855139507601871E-004
      185916  4.855139507601871E-004
      185922  4.935579931017517E-004
      196964  1.000000047497451E-003
      197030  1.000000047497451E-003
      197047  1.000000047497451E-003
      197049  1.000000047497451E-003
      197077  8.201958320432940E-004
      197078  6.361192554481108E-005
      197089  4.177720825563187E-004
      197505  1.999999949475750E-005
      197879  1.000000047497451E-003
      209465  5.000000237487257E-004
      209477  5.000000237487257E-004
      209498  5.000000237487257E-004
      223337  5.000000237487257E-004
      223338  5.000000237487257E-004
      223357  1.000000047497451E-003
      223360  1.000000047497451E-003
      223361  1.000000047497451E-003
      223381  1.000000047497451E-003
      223396  6.983327831690258E-004
      223500  1.000000047497451E-003
      223504  5.000000237487257E-004
      224883  5.000000237487257E-004
      224886  6.530145310165244E-004
      224903  5.000000237487257E-004
      225006  1.000000047497451E-003
      225015  9.373920445237308E-004
      225018  1.000000047497451E-003
      225026  1.000000047497451E-003
      229719  1.000000047497451E-003
      229871  9.087362931626559E-004
      229871  9.087362931626559E-004
      235607  1.000000047497451E-003
      235607  1.000000047497451E-003
      236629  1.000000047497451E-003
      240149  1.000000047497451E-003
      240149  1.000000047497451E-003
      240936  1.000000047497451E-003
      240936  1.000000047497451E-003
      240938  1.000000047497451E-003
      241266  1.000000047497451E-003
      241321  1.000000047497451E-003
      241324  1.000000047497451E-003
      248655  5.000000237487257E-004
      248659  5.000000237487257E-004
      248661  5.000000237487257E-004
      248670  5.000000237487257E-004
      248850  1.653576277181861E-004
      249137  7.715880063092956E-004
      249162  1.999999949475750E-005
      262432  1.000000047497451E-003
      262441  1.000000047497451E-003
      262646  1.000000047497451E-003
      262663  9.751860839093143E-005
      262721  1.000000047497451E-003
      262721  1.000000047497451E-003
      262736  1.000000047497451E-003
      265703  1.000000047497451E-003
      265717  1.000000047497451E-003
      265772  1.000000047497451E-003
      265800  1.000000047497451E-003
      266003  9.517815951355987E-004
      266021  1.999999949475750E-005
      266027  1.999999949475750E-005
      266047  1.999999949475750E-005
      266050  1.999999949475750E-005
      266058  1.999999949475750E-005
      266058  1.999999949475750E-005
      266059  1.999999949475750E-005
      266063  1.999999949475750E-005
      266109  1.999999949475750E-005
      266129  1.999999949475750E-005
      266129  1.999999949475750E-005
      266130  1.999999949475750E-005
      266133  1.999999949475750E-005
      266135  1.999999949475750E-005
      266291  1.591477563105400E-004
      268044  4.670819013938744E-004
      268050  8.363287261164444E-005
      268052  1.796846373164845E-004
      269570  1.000000047497451E-003
      269572  2.344470399988749E-004
      269644  1.000000047497451E-003
      269644  1.000000047497451E-003
      269680  1.000000047497451E-003
      269704  6.000879979088241E-004
      269706  4.481850504682625E-004
      269708  1.999999949475750E-005
      269709  1.999999949475750E-005
      269762  1.000000047497451E-003
      269785  1.000000047497451E-003
      269785  1.000000047497451E-003
      269819  9.087159830261443E-004
      269977  9.653447957999561E-004
      270146  7.820343168209803E-004
      270148  9.910423570586827E-004
      270152  8.145423884133015E-004
      270155  5.908921674583908E-004
      270160  4.459134103569922E-004
      270166  6.190122888357801E-004
      270172  1.000000047497451E-003
      270173  1.000000047497451E-003
      270174  1.000000047497451E-003
      270212  1.572401862171027E-004
      270233  1.999999949475750E-005
      270251  1.000000047497451E-003
      270251  1.000000047497451E-003
      270253  1.000000047497451E-003
      270256  1.000000047497451E-003
      270264  1.000000047497451E-003
      270266  1.000000047497451E-003
      270371  1.000000047497451E-003
      270377  1.999999949475750E-005
      270406  3.324357747985923E-004
      270410  1.000000047497451E-003
      270412  1.000000047497451E-003
      270414  1.000000047497451E-003
      271578  7.767393765616217E-004
      271802  1.000000047497451E-003
      271802  1.000000047497451E-003
      271859  1.000000047497451E-003
      271859  1.000000047497451E-003
      271875  1.000000047497451E-003
      271876  1.000000047497451E-003
      271883  1.000000047497451E-003
      271906  1.000000047497451E-003
      271914  5.295250544524860E-004
      272016  1.000000047497451E-003
      272019  1.000000047497451E-003
      272025  1.000000047497451E-003
      272051  1.999999949475750E-005
      272059  1.999999949475750E-005
      272062  1.999999949475750E-005
      272434  1.000000047497451E-003
      272434  1.000000047497451E-003
      272439  1.000000047497451E-003
      272441  1.000000047497451E-003
      272446  1.000000047497451E-003
      272453  1.000000047497451E-003
      272467  1.000000047497451E-003
      272475  1.000000047497451E-003
      272560  1.999999949475750E-005
      272575  8.230968088323170E-004
      272577  1.999999949475750E-005
      272582  1.000000047497451E-003
      272584  1.000000047497451E-003
      273675  1.000000047497451E-003
      274700  5.000000237487257E-004
      274706  5.000000237487257E-004
      274775  5.000000237487257E-004
      274980  5.000000237487257E-004
      275043  5.000000237487257E-004
      275043  5.000000237487257E-004
      275047  5.000000237487257E-004
      275047  5.000000237487257E-004
      275864  5.000000237487257E-004
      275927  5.000000237487257E-004
      275928  5.000000237487257E-004
      275942  5.000000237487257E-004
      275944  5.000000237487257E-004
      276148  5.000000237487257E-004
      276150  5.000000237487257E-004
      276176  5.000000237487257E-004
      276270  5.000000237487257E-004
      276758  5.000000237487257E-004
      276759  5.000000237487257E-004
      276765  5.000000237487257E-004
      276766  5.000000237487257E-004
      276812  5.000000237487257E-004
      276814  5.000000237487257E-004
      276818  5.000000237487257E-004
      276824  5.000000237487257E-004
      276829  5.000000237487257E-004
      276833  5.000000237487257E-004
      276858  5.000000237487257E-004
      276860  5.000000237487257E-004
      276866  5.000000237487257E-004
      276970  5.000000237487257E-004
      276971  5.000000237487257E-004
      276977  5.000000237487257E-004
      291503  5.000000237487257E-004
      291512  5.000000237487257E-004
      291514  5.000000237487257E-004
      291548  5.000000237487257E-004
      291551  5.000000237487257E-004
      291556  5.000000237487257E-004
      291589  5.000000237487257E-004
      291596  5.000000237487257E-004
      291596  5.000000237487257E-004
      297313  5.000000237487257E-004
      297338  5.000000237487257E-004
      313885  5.000000237487257E-004
      313885  5.000000237487257E-004
      313886  5.000000237487257E-004
      320871  5.000000237487257E-004
      320880  5.000000237487257E-004
      324832  5.000000237487257E-004
      325455  5.000000237487257E-004
      325456  5.000000237487257E-004
      325514  5.000000237487257E-004
      325735  5.000000237487257E-004
      325749  5.000000237487257E-004
      325752  5.000000237487257E-004
      325806  5.000000237487257E-004
      325830  5.000000237487257E-004
      325831  5.000000237487257E-004
      326952  5.000000237487257E-004
      327005  5.000000237487257E-004
      327014  5.000000237487257E-004
      329811  5.000000237487257E-004
      329821  5.000000237487257E-004
      330287  5.000000237487257E-004
      332229  5.000000237487257E-004
      342984  5.000000237487257E-004
      346564  5.000000237487257E-004
      346566  5.000000237487257E-004
      346568  5.000000237487257E-004
      346570  5.000000237487257E-004
      346581  5.000000237487257E-004
      348148  5.000000237487257E-004
      348149  5.000000237487257E-004
      348158  5.000000237487257E-004
      348161  5.000000237487257E-004
      348163  5.000000237487257E-004
      348164  5.000000237487257E-004
      348165  5.000000237487257E-004
      348169  5.000000237487257E-004
      348175  5.000000237487257E-004
      348181  5.000000237487257E-004
      348186  5.000000237487257E-004
      348189  5.000000237487257E-004
      348191  5.000000237487257E-004
      348196  5.000000237487257E-004
      348233  5.000000237487257E-004
      348233  5.000000237487257E-004
      348240  5.000000237487257E-004
      348242  5.000000237487257E-004
      348279  5.000000237487257E-004
      348285  5.000000237487257E-004
      348287  5.000000237487257E-004
      348290  5.000000237487257E-004
      348292  5.000000237487257E-004
      348312  5.000000237487257E-004
      348358  5.000000237487257E-004
      348377  5.000000237487257E-004
      363954  5.000000237487257E-004
      364178  5.000000237487257E-004
      364280  5.000000237487257E-004
      364291  5.000000237487257E-004
      364340  5.000000237487257E-004
      364345  5.000000237487257E-004
      364354  5.000000237487257E-004
      364356  5.000000237487257E-004
      364543  5.000000237487257E-004
      364558  5.000000237487257E-004
      364606  5.000000237487257E-004
      364621  5.000000237487257E-004
      364624  5.000000237487257E-004
      365336  5.000000237487257E-004
      365348  5.000000237487257E-004
      365399  5.000000237487257E-004
      365400  5.000000237487257E-004
      365402  5.000000237487257E-004
      365415  5.000000237487257E-004
      365416  5.000000237487257E-004
      366322  5.000000237487257E-004
      366357  5.000000237487257E-004
      368047  5.000000237487257E-004
      368049  5.000000237487257E-004
      372828  5.000000237487257E-004
      391424  5.000000237487257E-004
      419802  5.000000237487257E-004
      419850  5.000000237487257E-004
      419855  5.000000237487257E-004
      422288  5.000000237487257E-004
      422440  5.000000237487257E-004
      423033  5.000000237487257E-004
      429845  5.000000237487257E-004
      432050  5.000000237487257E-004
      438150  5.000000237487257E-004
      438366  5.000000237487257E-004
      438366  5.000000237487257E-004
      438444  5.000000237487257E-004
      439407  5.000000237487257E-004
      439407  5.000000237487257E-004
      439431  5.000000237487257E-004
      454591  5.000000237487257E-004
      454619  5.000000237487257E-004
      454621  5.000000237487257E-004
      454622  5.000000237487257E-004
      454623  5.000000237487257E-004
      454625  5.000000237487257E-004
      454662  5.000000237487257E-004
      454662  5.000000237487257E-004
      454675  5.000000237487257E-004
      454758  5.000000237487257E-004
      454759  5.000000237487257E-004
      454761  5.000000237487257E-004
      454763  5.000000237487257E-004
      454765  5.000000237487257E-004
      454821  5.000000237487257E-004
      458136  5.000000237487257E-004
      458136  5.000000237487257E-004
      458146  5.000000237487257E-004
      458190  5.000000237487257E-004
      471095  5.000000237487257E-004
      471099  5.000000237487257E-004
      471102  5.000000237487257E-004
      471103  5.000000237487257E-004
      471106  5.000000237487257E-004
      471110  5.000000237487257E-004
      471111  5.000000237487257E-004
      471114  5.000000237487257E-004
      471115  5.000000237487257E-004
      483276  5.000000237487257E-004
      483276  5.000000237487257E-004
      483485  5.000000237487257E-004
      483489  5.000000237487257E-004
      483491  5.000000237487257E-004
      483529  5.000000237487257E-004
      483947  5.000000237487257E-004
      483978  5.000000237487257E-004
      484352  5.000000237487257E-004
      484352  5.000000237487257E-004
      484450  5.000000237487257E-004
      484526  5.000000237487257E-004
      484535  5.000000237487257E-004
      484537  5.000000237487257E-004
      485413  5.000000237487257E-004
      485907  5.000000237487257E-004
      485999  5.000000237487257E-004
      487390  5.000000237487257E-004
      487806  5.000000237487257E-004
      487806  5.000000237487257E-004
      487809  5.000000237487257E-004
      487809  5.000000237487257E-004
      487814  5.000000237487257E-004
      487816  5.000000237487257E-004
      487819  5.000000237487257E-004
      487821  5.000000237487257E-004
      487824  5.000000237487257E-004
      487829  5.000000237487257E-004
      487834  5.000000237487257E-004
      487844  5.000000237487257E-004
      487846  5.000000237487257E-004
      487854  5.000000237487257E-004
      487859  5.000000237487257E-004
      487863  5.000000237487257E-004
      487871  5.000000237487257E-004
      487876  5.000000237487257E-004
      489646  5.000000237487257E-004
      489752  5.000000237487257E-004
      490321  5.000000237487257E-004
      490742  5.000000237487257E-004
      491089  5.000000237487257E-004
      491089  5.000000237487257E-004
      491091  5.000000237487257E-004
      491107  5.000000237487257E-004
      491369  5.000000237487257E-004
      492543  5.000000237487257E-004
      492559  5.000000237487257E-004
      497337  5.000000237487257E-004
      498418  5.000000237487257E-004
      498429  5.000000237487257E-004
      498516  5.000000237487257E-004
      498638  5.000000237487257E-004
      499590  5.000000237487257E-004
      500011  5.000000237487257E-004
      500674  5.000000237487257E-004
      500676  5.000000237487257E-004
      500687  5.000000237487257E-004
      501064  5.000000237487257E-004
      501064  5.000000237487257E-004
      501072  5.000000237487257E-004
      501675  5.000000237487257E-004
      501769  5.000000237487257E-004
      501834  5.000000237487257E-004
      501836  5.000000237487257E-004
      501848  5.000000237487257E-004
      501853  5.000000237487257E-004
      501853  5.000000237487257E-004
      501856  5.000000237487257E-004
      501857  5.000000237487257E-004
      501861  5.000000237487257E-004
      501865  5.000000237487257E-004
      501868  5.000000237487257E-004
      501869  5.000000237487257E-004
      501872  5.000000237487257E-004
      501873  5.000000237487257E-004
      501876  5.000000237487257E-004
      501877  5.000000237487257E-004
      501884  5.000000237487257E-004
      501885  5.000000237487257E-004
      501889  5.000000237487257E-004
      501891  5.000000237487257E-004
      501891  5.000000237487257E-004
      501896  5.000000237487257E-004
      501900  5.000000237487257E-004
      501900  5.000000237487257E-004
      501905  5.000000237487257E-004
      501910  5.000000237487257E-004
      501915  5.000000237487257E-004
      502306  5.000000237487257E-004
      502306  5.000000237487257E-004
      502308  5.000000237487257E-004
      502311  5.000000237487257E-004
      502377  5.000000237487257E-004
      502379  5.000000237487257E-004
      502380  5.000000237487257E-004
      502381  5.000000237487257E-004
      502383  5.000000237487257E-004
      502404  5.000000237487257E-004
      502405  5.000000237487257E-004
      502405  5.000000237487257E-004
      502410  5.000000237487257E-004
      502411  5.000000237487257E-004
      502414  5.000000237487257E-004
      502426  5.000000237487257E-004
      502442  5.000000237487257E-004
      502505  5.000000237487257E-004
      502509  5.000000237487257E-004
      502536  5.000000237487257E-004
      502536  5.000000237487257E-004
      502617  5.000000237487257E-004
      503323  5.000000237487257E-004
      503349  5.000000237487257E-004
      503409  5.000000237487257E-004
      503683  5.000000237487257E-004
      503688  5.000000237487257E-004
      503704  5.000000237487257E-004
      503708  5.000000237487257E-004
      503769  5.000000237487257E-004
      503832  5.000000237487257E-004
      503836  5.000000237487257E-004
      503994  5.000000237487257E-004
      504003  5.000000237487257E-004
      504474  5.000000237487257E-004
      504475  5.000000237487257E-004
      504777  5.000000237487257E-004
      507129  5.000000237487257E-004
      507133  5.000000237487257E-004
      507139  5.000000237487257E-004
      507174  5.000000237487257E-004
      507394  5.000000237487257E-004
      507538  5.000000237487257E-004
      507620  5.000000237487257E-004
      507999  5.000000237487257E-004
      507999  5.000000237487257E-004
      508042  5.000000237487257E-004
      508101  5.000000237487257E-004
      508125  5.000000237487257E-004
      508126  5.000000237487257E-004
      508202  5.000000237487257E-004
      508202  5.000000237487257E-004
      508205  5.000000237487257E-004
      508206  5.000000237487257E-004
      508222  5.000000237487257E-004
      508239  5.000000237487257E-004
      508264  5.000000237487257E-004
      508293  5.000000237487257E-004
      508296  5.000000237487257E-004
      508308  5.000000237487257E-004
      508313  5.000000237487257E-004
      508711  5.000000237487257E-004
      508712  5.000000237487257E-004
      508724  5.000000237487257E-004
      508761  5.000000237487257E-004
      508903  5.000000237487257E-004
      508903  5.000000237487257E-004
      508965  5.000000237487257E-004
      508965  5.000000237487257E-004
      508985  5.000000237487257E-004
      508987  5.000000237487257E-004
      508990  5.000000237487257E-004
      508990  5.000000237487257E-004
      508994  5.000000237487257E-004
      509001  5.000000237487257E-004
      509001  5.000000237487257E-004
      509002  5.000000237487257E-004
      509002  5.000000237487257E-004
      509019  5.000000237487257E-004
      509042  5.000000237487257E-004
      509050  5.000000237487257E-004
      509050  5.000000237487257E-004
      509067  5.000000237487257E-004
      509067  5.000000237487257E-004
      509077  5.000000237487257E-004
      509082  5.000000237487257E-004
      509084  5.000000237487257E-004
      509109  5.000000237487257E-004
      509109  5.000000237487257E-004
      509123  5.000000237487257E-004
      509142  5.000000237487257E-004
      509146  5.000000237487257E-004
      509154  5.000000237487257E-004
      509157  5.000000237487257E-004
      509158  5.000000237487257E-004
      509185  5.000000237487257E-004
      509186  5.000000237487257E-004
      509193  5.000000237487257E-004
      509195  5.000000237487257E-004
      509210  5.000000237487257E-004
      509215  5.000000237487257E-004
      509217  5.000000237487257E-004
      509222  5.000000237487257E-004
      509232  5.000000237487257E-004
      509236  5.000000237487257E-004
      509241  5.000000237487257E-004
      509241  5.000000237487257E-004
      509245  5.000000237487257E-004
      509327  5.000000237487257E-004
      509395  5.000000237487257E-004
      509398  5.000000237487257E-004
      509400  5.000000237487257E-004
      509417  5.000000237487257E-004
      509421  5.000000237487257E-004
      509430  5.000000237487257E-004
      509674  5.000000237487257E-004
      509776  5.000000237487257E-004
      509803  5.000000237487257E-004
      509807  5.000000237487257E-004
      509853  5.000000237487257E-004
      509955  5.000000237487257E-004
      509955  5.000000237487257E-004
      509975  5.000000237487257E-004
      509978  5.000000237487257E-004
      509980  5.000000237487257E-004
      509986  5.000000237487257E-004
      510072  5.000000237487257E-004
      510074  5.000000237487257E-004
      510138  5.000000237487257E-004
      510143  5.000000237487257E-004
      510152  5.000000237487257E-004
      510152  5.000000237487257E-004
      510156  5.000000237487257E-004
      510181  5.000000237487257E-004
      510184  5.000000237487257E-004
      510219  5.000000237487257E-004
      510416  5.000000237487257E-004
      510455  5.000000237487257E-004
      510482  5.000000237487257E-004
      510483  5.000000237487257E-004
      510494  5.000000237487257E-004
      510582  5.000000237487257E-004
      510610  5.000000237487257E-004
      510616  5.000000237487257E-004
      510623  5.000000237487257E-004
      510673  5.000000237487257E-004
      510715  5.000000237487257E-004
      510749  5.000000237487257E-004
      510755  5.000000237487257E-004
      510912  5.000000237487257E-004
      510914  5.000000237487257E-004
      510965  5.000000237487257E-004
      511094  5.000000237487257E-004
      511096  5.000000237487257E-004
      511104  5.000000237487257E-004
      511107  5.000000237487257E-004
      511168  5.000000237487257E-004
      511171  5.000000237487257E-004
      512773  5.000000237487257E-004
      512774  5.000000237487257E-004
      512776  5.000000237487257E-004
      512852  5.000000237487257E-004
      512882  5.000000237487257E-004
      512890  5.000000237487257E-004
      512939  5.000000237487257E-004
      512978  5.000000237487257E-004
      513006  5.000000237487257E-004
      513023  5.000000237487257E-004
      513026  5.000000237487257E-004
      513026  5.000000237487257E-004
      513027  5.000000237487257E-004
      513030  5.000000237487257E-004
      513070  5.000000237487257E-004
      513072  5.000000237487257E-004
      513086  5.000000237487257E-004
      513121  5.000000237487257E-004
      513126  5.000000237487257E-004
      513126  5.000000237487257E-004
      513128  5.000000237487257E-004
      513129  5.000000237487257E-004
      513541  5.000000237487257E-004
      513641  5.000000237487257E-004
      513641  5.000000237487257E-004
      513642  5.000000237487257E-004
      513653  5.000000237487257E-004
      513665  5.000000237487257E-004
      513667  5.000000237487257E-004
      513672  5.000000237487257E-004
      513673  5.000000237487257E-004
      513696  5.000000237487257E-004
      513705  5.000000237487257E-004
      513707  5.000000237487257E-004
      513713  5.000000237487257E-004
      513883  5.000000237487257E-004
      513888  5.000000237487257E-004
      513888  5.000000237487257E-004
      513891  5.000000237487257E-004
      513899  5.000000237487257E-004
      513900  5.000000237487257E-004
      515290  5.000000237487257E-004
      515290  5.000000237487257E-004
      515349  5.000000237487257E-004
      515739  5.000000237487257E-004
      515915  5.000000237487257E-004
      515916  5.000000237487257E-004
      515918  5.000000237487257E-004
      515944  5.000000237487257E-004
      515955  5.000000237487257E-004
      516767  5.000000237487257E-004
      516769  5.000000237487257E-004
      516815  5.000000237487257E-004
      516815  5.000000237487257E-004
      516833  5.000000237487257E-004
      516833  5.000000237487257E-004
      517733  5.000000237487257E-004
      517733  5.000000237487257E-004
      517734  5.000000237487257E-004
      517736  5.000000237487257E-004
      517737  5.000000237487257E-004
      517738  5.000000237487257E-004
      518087  5.000000237487257E-004
      518088  5.000000237487257E-004
      518183  5.000000237487257E-004
      518187  5.000000237487257E-004
      518201  5.000000237487257E-004
      518237  5.000000237487257E-004
      518249  5.000000237487257E-004
      518249  5.000000237487257E-004
      518298  5.000000237487257E-004
      518298  5.000000237487257E-004
      518299  5.000000237487257E-004
      518310  5.000000237487257E-004
      518762  5.000000237487257E-004
      518762  5.000000237487257E-004
      518765  5.000000237487257E-004
      518765  5.000000237487257E-004
      518766  5.000000237487257E-004
      518769  5.000000237487257E-004
      518770  5.000000237487257E-004
      518773  5.000000237487257E-004
      518774  5.000000237487257E-004
      518777  5.000000237487257E-004
      518778  5.000000237487257E-004
      518781  5.000000237487257E-004
      518782  5.000000237487257E-004
      518785  5.000000237487257E-004
      518786  5.000000237487257E-004
      518789  5.000000237487257E-004
      518790  5.000000237487257E-004
      518793  5.000000237487257E-004
      518794  5.000000237487257E-004
      518797  5.000000237487257E-004
      518798  5.000000237487257E-004
      518801  5.000000237487257E-004
      518802  5.000000237487257E-004
      518805  5.000000237487257E-004
      518806  5.000000237487257E-004
      518809  5.000000237487257E-004
      518813  5.000000237487257E-004
      518817  5.000000237487257E-004
      518821  5.000000237487257E-004
      518825  5.000000237487257E-004
      518829  5.000000237487257E-004
      518830  5.000000237487257E-004
      518833  5.000000237487257E-004
      518834  5.000000237487257E-004
      518837  5.000000237487257E-004
      518838  5.000000237487257E-004
      518841  5.000000237487257E-004
      518842  5.000000237487257E-004
      518845  5.000000237487257E-004
      518846  5.000000237487257E-004
      518849  5.000000237487257E-004
      518850  5.000000237487257E-004
      518853  5.000000237487257E-004
      518854  5.000000237487257E-004
      518857  5.000000237487257E-004
      518858  5.000000237487257E-004
      518861  5.000000237487257E-004
      518862  5.000000237487257E-004
      518865  5.000000237487257E-004
      518866  5.000000237487257E-004
      518869  5.000000237487257E-004
      518870  5.000000237487257E-004
      518873  5.000000237487257E-004
      518874  5.000000237487257E-004
      518878  5.000000237487257E-004
      518882  5.000000237487257E-004
      518886  5.000000237487257E-004
      518890  5.000000237487257E-004
      518893  5.000000237487257E-004
      518894  5.000000237487257E-004
      518897  5.000000237487257E-004
      518898  5.000000237487257E-004
      518901  5.000000237487257E-004
      518902  5.000000237487257E-004
      518905  5.000000237487257E-004
      518906  5.000000237487257E-004
      518909  5.000000237487257E-004
      518910  5.000000237487257E-004
      518913  5.000000237487257E-004
      518914  5.000000237487257E-004
      518917  5.000000237487257E-004
      518918  5.000000237487257E-004
      518921  5.000000237487257E-004
      518922  5.000000237487257E-004
      518925  5.000000237487257E-004
      523280  5.000000237487257E-004
      523282  5.000000237487257E-004
      523299  5.000000237487257E-004
      523299  5.000000237487257E-004
      523301  5.000000237487257E-004
      523371  5.000000237487257E-004
      523371  5.000000237487257E-004
      523373  5.000000237487257E-004
