-67.80388889 46.1811111 1.0796875000000001 01018035
-67.7780556 45.1811111 3.5875 01018900
-67.57705278 45.2256833 1.544270833333333 01019300
-70.9564507 43.23480487 2.113020833333333 01072870
-71.2016667 43.04138889 2.083854166666667 01073319
-71.64146129 43.01480519 2.5421875 01091000
-71.7067399 42.8425858 3.301041666666667 01093852
-71.7911829 42.41092507 3.672916666666667 01095220
-71.8281279 42.37286967 3.8531914893617025 01095375
-71.775349 42.36453675 6.53125 01095434
-71.6661111 42.41944444 5.518229166666667 01095503
-71.4439704 45.04032368 2.5822916666666664 01129200
-71.63120018 44.74977166 1.8338541666666666 01129500
-72.3616667 43.14944444 2.586979166666667 01154950
-72.2700858 43.03924586 2.540625 01157000
-70.8991667 42.88666667 10.206451612903223 425311070535801
-70.91436389 42.89831944 11.368181818181817 425400070545401
-70.9605333 42.94673056 11.05 425651070573701
-71.5233861 43.25745 11.567708333333334 431527071312401
-71.4938056 43.2717222 13.018750000000002 431618071293801
-71.2894444 42.38555556 4.62951388888889 01104370
-71.2695014 42.436484 5.152777777777778 01104405
-71.2642235 42.43648406 4.722916666666666 01104410
-71.2600567 42.43592855 7.157812500000001 01104415
-71.2575565 42.4198177 5.318316831683168 01104420
-71.2733903 42.3981512 5.561458333333334 01104430
-71.27527778 42.37138889 4.3850694444444445 01104453
-71.27033448 42.37259606 10.0625 01104455
-71.2706123 42.368985 5.005902777777777 01104460
-71.2681121 42.3545408 6.398672566371681 01104475
-70.0645556 41.9311111 6.497222222222222 011058798
-73.0301667 42.66669444 1.8895833333333332 01168250
-72.67064738 42.70341695 3.0515624999999997 01170100
-71.14388889 42.38388889 8.108333333333333 422302071083801
-71.6061754 41.8525992 4.660763888888889 01115098
-71.6095088 41.8456548 4.643055555555555 01115110
-71.6120089 41.83759929 4.718055555555555 01115114
-71.6089532 41.8314882 3.9270833333333335 01115120
-71.584508 41.84093269 6.9743055555555555 01115170
-71.5847857 41.79759966 4.675347222222222 01115183
-71.6200647 41.7887107 5.760763888888889 01115184
-71.7050677 41.8187102 4.174479166666666 01115187
-71.70034528 41.8223213 4.339930555555556 01115190
-71.6986785 41.7906548 5.423958333333333 01115265
-71.67478879 41.7825994 6.023958333333334 01115275
-71.6672885 41.7853772 5.2875 01115276
-71.6497879 41.80398827 4.863194444444444 01115280
-71.6356207 41.7648219 4.057291666666667 01115297
-72.93932778 42.0375 2.6197916666666665 01187300
-72.7080556 41.78443889 4.311979166666666 01191000
-72.5531454 41.5417656 4.3859375 01193050
-72.44925287 41.55232124 3.8708333333333336 01193500
-72.33267778 41.44166944 4.553645833333333 01194000
-72.33477778 41.42751667 4.00625 01194500
-72.3843667 41.3514833 4.871354166666666 01194750
-72.3459166 41.3125983 6.3921874999999995 01194796
-72.841275 41.45026389 7.049479166666667 01196500
-73.4495669 41.5931499 3.68042328042328 01200600
-73.40320278 41.4658222 6.214210526315789 01201487
-73.7101944 40.8662222 7.897291666666667 01302250
-73.5931944 40.9051111 9.197708333333333 01302845
-73.1431667 40.9628611 9.080208333333333 01304057
-72.30675 41.13663889 7.809791666666667 01304200
-72.6386667 40.91777778 7.535 01304562
-72.18438889 40.9530833 7.730729166666666 0130469525
-73.09125 40.72105556 7.214468085106383 01306402
-73.5837396 40.5934366 10.4875 01310740
-73.5837396 40.5934366 10.4875 01310740
-73.6561722 40.60865278 10.065833333333334 01311143
-73.885136 40.57371636 10.425416666666667 01311875
-73.9536111 43.9398333 0.7026041666666667 01315170
-74.8618333 43.53380556 2.6260416666666666 0134277112
-74.8529167 43.53138889 2.2687500000000003 0134277114
-73.7475 42.64788889 4.4515625000000005 01359139
-74.3635556 42.1145 6.0390625 01362230
-74.2701944 42.0144722 5.651832460732984 01362500
-74.3747222 41.93694444 3.7536458333333336 01364959
-73.9492222 41.65219444 6.290104166666666 01372058
-74.60138889 42.1508333 4.449479166666667 01413398
-75.11927778 42.0245833 4.124479166666666 01417500
-74.9796667 41.94641667 3.7921875000000003 01420500
-75.1747222 41.97327778 3.8567708333333335 01421000
-75.3958056 42.07491667 7.1031249999999995 01425000
-75.38352778 42.00302778 4.886979166666666 01426500
-75.2909444 41.95216667 3.865625 01427000
-74.9860556 41.50875 3.5916666666666663 01428500
-74.75877778 41.4612222 6.6421874999999995 01433500
-74.5002222 41.9960833 2.7598958333333337 01434025
-74.5898056 41.88994444 4.334895833333333 01435000
-74.61688889 41.63805556 3.9661458333333335 01436690
-78.7155556 42.1568333 4.482291666666668 03011020
-78.9345278 42.46344444 4.658333333333334 04213500
-77.7420833 43.2538611 4.433333333333334 0422026250
-77.8286944 42.6824722 4.441666666666667 04226000
-77.6163056 43.1417222 4.763541666666667 04231600
-77.6163056 43.1417222 4.763541666666667 04231600
-77.527 43.12802778 6.7437499999999995 04232050
-77.5119444 43.145 5.6421874999999995 0423205010
-76.50527778 43.45166667 4.452604166666667 04249000
-74.7216667 43.74402778 2.0052083333333335 04253296
-75.3334444 43.74680556 2.1812500000000004 04256000
-73.3598056 44.99627778 3.8432291666666667 04295000
-74.28 40.99194444 5.847916666666666 01388000
-74.2691667 40.89638889 6.466666666666666 01389005
-74.58277778 40.55555556 5.189583333333333 01400500
-74.1547222 40.16138889 7.675401069518716 01408000
-74.1222222 40.14666667 7.53315789473684 01408029
-74.1222222 40.14666667 7.53315789473684 01408029
-75.065 40.5261111 4.98395061728395 01458500
-74.4641667 40.50777778 5.543229166666667 01460595
-74.7780556 40.22166667 5.922916666666667 01463500
-74.50527778 39.885 9.004166666666668 01466500
-75.6087222 39.71063889 7.138020833333333 01480065
-75.5766944 39.7695 5.591666666666668 01481500
-75.5682589 39.5009454 9.401041666666666 01482800
-75.61352778 39.46594444 8.474479166666667 01483177
-75.4583056 39.0105 8.3775 01484080
-75.25077778 38.791 8.952604166666667 01484272
-75.29102778 38.59455556 9.365104166666667 01484525
-75.0991944 38.62494444 10.528645833333334 01484680
-75.21375 41.86727778 3.3380208333333337 01427207
-75.0574167 41.75675 3.0739583333333336 01427510
-75.37601299 41.67452998 4.153403141361256 01428750
-75.326829 41.5872185 4.2906249999999995 01429000
-75.1721186 41.4762002 3.021354166666667 01431500
-75.036281 41.4759228 3.6588541666666665 01432110
-74.91238898 41.47536824 3.6312499999999996 01432160
-74.81913889 41.43875 3.1755208333333336 01432805
-75.625467 41.1303626 3.0609375 01447500
-75.6054666 41.0848082 3.5338541666666665 01447720
-75.7321362 41.1048062 3.5729166666666665 01447800
-75.5024077 40.8975919 4.971354166666667 01449360
-75.6457437 40.84564756 9.183333333333334 01449800
-75.5990417 38.741075 15.619718309859145 384428075355701
-75.1544194 38.7573222 15.998412698412698 384526075091601
-75.2588611 38.77705556 16.771875 384637075153201
-75.1373987 39.95400165 8.060416666666667 01467200
-76.1716128 40.4134258 7.328125 01470779
-76.0252159 40.3706482 7.120833333333333 01470960
-75.601305 40.15149064 4.5297752808988765 01472157
-75.3561111 40.11555556 6.686979166666667 01473500
-75.36630199 39.83677934 8.8921875 01477050
-75.8449449 40.0273261 6.857291666666666 01480400
-75.8274467 39.98566144 5.032291666666667 01480500
-75.8013341 39.9617734 6.819371727748691 01480617
-75.8013341 39.9617734 6.819371727748691 01480617
-75.6732715 39.9687191 6.9546874999999995 01480870
-75.5932623 39.8698328 5.59842105263158 01481000
-77.0802457 41.7970183 3.9067708333333333 01516350
-77.1152486 41.95257385 4.373958333333333 01518700
-77.1399724 41.99674048 6.063541666666667 01520000
-76.6191222 40.95814218 4.742708333333334 01540500
-78.108896 41.11755906 4.147916666666666 01542500
-77.8258251 41.4758994 3.733854166666667 01544500
-77.6908191 41.38951168 4.576041666666667 01545600
-77.6044379 41.05173127 5.989583333333333 01547500
-77.32414028 41.273683 3.7281914893617025 01549700
-77.9911135 40.42896398 8.636979166666666 01563200
-76.56777778 40.19527778 4.393229166666667 01573695
-76.68775 40.14930556 4.421875 01573710
-76.26403889 39.9959361 8.188359788359788 015765195
-76.33329279 39.82788027 5.9734375 01576980
-78.29279129 41.81867578 4.3578125000000005 03007800
-79.0119846 41.84144917 6.304166666666666 03012550
-79.0500392 41.60200599 4.3234375 03017500
-79.4439351 41.47784 4.3625 03020000
-80.0632778 41.80716667 5.427083333333333 03021890
-80.04811219 41.6906115 4.528645833333333 03022540
-78.5314444 41.64405556 4.547916666666667 03026480
-78.5961347 41.5531176 5.4484375 03027500
-78.69224919 41.57533955 4.0687500000000005 03028000
-79.00836738 40.93923105 4.9203125000000005 03034000
-79.1100356 40.8361756 4.6765625 03034500
-79.2911508 40.9275653 4.575520833333334 03036000
-79.3486511 40.6547875 5.420833333333334 03038000
-79.5114332 40.7203422 5.377083333333332 03039000
-79.0261404 40.4192377 5.590104166666666 03041500
-79.1867009 40.4770127 4.3515625 03042000
-79.3672609 40.46756718 5.4906250000000005 03043810
-79.3908724 40.4545117 5.352083333333334 03044000
-79.3908333 40.3161111 5.1984375 03045010
-79.4494444 40.45888889 6.110416666666667 03047000
-79.81475899 40.5361302 5.349999999999999 03049640
-79.9706152 39.7592449 5.2765625 03072000
-79.9228206 39.8250275 6.748437499999999 03072655
-80.072558 39.92313056 4.840624999999999 03073000
-79.9011517 40.26224454 7.083333333333333 03075070
-79.3642019 39.80535485 7.9785714285714295 03077500
-79.2288333 39.85991667 4.0703125 03079000
-79.3725353 39.8275767 7.813020833333333 03081000
-79.8066944 40.2402222 6.422916666666667 03083500
-79.8602778 40.3925 7.458201058201058 03085002
-80.3978453 41.3536663 4.911979166666667 03102850
-80.47255589 41.2661241 5.038020833333334 03103500
-80.3632778 41.01813889 5.956770833333334 03104490
-80.3370083 40.88867389 5.431770833333334 03105500
-80.2422837 40.8170092 4.707291666666666 03106000
-80.3833975 40.6489546 6.114583333333333 03108490
-79.9114471 39.72702308 7.273958333333333 394337079544201
-75.94013889 39.25705556 9.510937499999999 01493112
-76.15775 39.62605556 7.483854166666668 01579550
-76.3474444 39.49627778 5.818923611111111 01581752
-76.6903611 39.61905556 8.200520833333334 01581920
-76.34263889 39.40852778 6.36736111111111 01585075
-76.55513889 39.3179722 9.184722222222222 01585219
-76.5406111 39.33669444 7.679756944444445 01585225
-76.53488889 39.3300833 8.41576388888889 01585230
-76.76175 39.3615833 6.912326388888889 01589290
-76.60363889 39.2841111 8.923426573426573 01589485
-79.1019444 39.57005556 3.9583333333333335 01596500
-79.1239722 39.50275 6.964583333333333 01597500
-77.6340833 39.34125 6.381076388888889 01636845
-77.6264722 39.3376111 6.113194444444444 01636846
-77.45527778 39.6300833 7.137499999999999 01640975
-77.4405833 39.43602778 8.308854166666666 01642198
-77.42977778 39.42441667 10.097743055555554 01642199
-77.12763889 38.94977778 7.697395833333334 01646500
-76.96402778 39.0333611 6.343229166666666 01649190
-76.9259722 38.96025 7.535937499999999 01649500
-77.0048611 38.9862222 7.671875 01650800
-76.96513889 38.95255556 7.452256944444445 01651000
-79.4083056 39.6536111 5.530729166666667 03076500
-75.2114083 38.09080278 16.140624999999996 380527075124101
-75.2114083 38.09080278 13.582499999999998 380527075124102
-75.2118111 38.0911833 14.12645833333333 380528075124301
-79.15213889 38.20227778 7.016477272727272 01622459
-79.1341944 38.2085833 6.904166666666667 01622464
-79.2374722 38.28538889 7.116319444444445 0162246784
-78.9873056 37.9218611 4.737673611111111 0162588350
-78.9853333 37.9250833 5.094128787878788 0162588440
-78.6427935 38.69345016 5.305208333333334 01632900
-77.3324293 38.88469518 6.647916666666667 01645704
-77.3382627 38.90888916 6.716666666666666 01645762
-77.3382627 38.90888916 6.716666666666666 01645762
-77.24581439 38.97594346 6.2625 01646000
-77.1756743 38.95977716 6.890104166666667 01646305
-77.2283158 38.81289066 6.891145833333333 01654000
-77.2364549 38.81358508 6.941666666666667 01654500
-77.7475556 38.67577778 6.035416666666666 01655794
-77.4319047 38.8823899 7.558854166666667 01656903
-77.9105278 38.7244722 5.088020833333333 01661977
-77.52915268 38.30846178 7.044545454545453 01668000
-77.3322018 37.76764189 6.590625 01673000
-76.39352778 37.0184972 14.322395833333335 0167889257
-76.3861111 37.03769444 15.337326388888888 0167891721
-79.8814439 38.04234707 6.5687500000000005 02011400
-79.7805278 38.3006111 5.180381944444445 0201144558
-79.7726944 38.2995 5.479166666666667 0201144806
-79.8970003 38.0695688 7.591666666666666 02011500
-79.94922369 37.94845825 10.754687500000001 02011800
-79.9883907 37.8109585 8.791145833333333 02012800
-79.5964444 38.15541667 6.987326388888889 02015729
-79.6073611 38.12294444 6.843055555555555 02015742
-79.33538889 38.2759722 7.213446969696969 02020246
-79.3348056 38.24416667 6.155113636363636 02020258
-78.9154444 37.8905833 6.938715277777778 0202848919
-78.8993056 37.8838611 6.740451388888889 0202848938
-78.0858328 37.67097957 7.696354166666667 02035000
-78.6358392 37.41542434 6.335416666666667 02038850
-77.0608027 37.43625765 7.905729166666667 02042500
-76.5662167 37.16720278 14.589409722222221 0204279245
-76.5444306 37.10255 15.116666666666665 0204279294
-76.20735 36.8750833 17.490277777777777 0204288771
-76.22907778 36.7638111 18.244791666666668 0204288786
-76.3842472 36.8624972 13.817708333333334 0204289131
-76.3806361 36.88354444 16.169444444444444 0204289402
-76.2504972 36.92351389 15.709090909090913 0204289989
-76.0221944 36.85802778 17.476086956521737 0204295063
-76.1313361 36.7912083 11.05395430579965 0204306533
-76.2123167 36.69064444 9.421354166666667 0204309906
-80.1519167 37.1870833 6.360227272727272 0205373035
-80.1440833 37.1913611 5.636931818181818 0205373075
-80.1350833 37.1731111 5.8564236111111105 0205373228
-80.1413611 37.16475 5.7206439393939394 0205373422
-80.19975 37.23430556 7.359375 0205450393
-80.1967778 37.2337222 7.400520833333335 0205450495
-79.9375556 37.27794444 9.746875000000001 0205551460
-79.8268333 37.05227778 6.466840277777778 0205696042
-79.8254722 37.0558333 6.529166666666666 0205696095
-80.00087509 36.77013709 9.907291666666667 02072500
-78.2977743 36.60319824 13.1 02079500
-80.50888889 37.3132222 6.768749999999999 0317154954
-80.5169444 37.311 7.129924242424242 0317155123
-80.6195556 37.34316667 5.626736111111111 03171597
-80.6245556 37.33955556 5.7001736111111105 0317159760
-82.567931 36.60871119 6.899479166666666 03490000
-82.1548569 36.9448295 6.936979166666667 03524000
-82.4562619 36.92926938 6.6515625 03524500
-82.4619444 36.83138889 6.468229166666667 03524740
-79.1966667 36.39777778 7.790625000000001 02077200
-77.58027778 36.3311111 12.241145833333333 0208062765
-77.21527778 36.0136111 11.816145833333335 02081022
-76.89277778 35.81305556 11.042708333333332 02081094
-76.72277778 35.915 12.265957446808516 0208114150
-76.25388889 35.5058333 13.222395833333332 0208458892
-76.18388889 35.50638889 13.236649214659685 0208458893
-78.5833333 35.9411111 12.682291666666666 02087182
-79.4230754 35.73514055 8.073437499999999 02101726
-81.5583333 35.9908333 9.391666666666666 02111000
-80.0618056 35.20066667 13.8 0212378405
-79.8775806 34.9834833 12.2 0212880025
-79.878925 34.8662583 12.8 02129375
-82.0602778 35.6858333 9.872916666666667 02137727
-81.8346667 35.7403611 13.3 02138520
-81.4306556 35.77262778 10.8 02141500
-81.1905361 35.82246667 12.7 0214196125
-81.08915 35.75719444 12.0 0214244102
-80.9573417 35.4277333 15.6 0214264790
-80.9864083 35.33400556 14.9 0214267602
-82.595 35.39805556 9.376041666666667 03446000
-82.5780556 35.60888889 9.161979166666667 03451500
-82.8480556 35.52194444 9.122916666666667 03456991
-83.0727778 35.6672222 8.359895833333333 03460000
-83.3536111 35.46138889 9.3171875 03512000
-83.91888889 35.4383333 11.7640625 0351706800
-78.71973988 33.953505 14.165624999999999 02110400
-78.7150175 33.9126719 13.033333333333331 02110500
-78.8972222 33.8508333 12.839062500000002 02110550
-79.0411471 33.86100349 13.135937499999999 02110701
-79.0437222 33.8326111 12.815625000000002 02110704
-78.75307469 33.7985057 14.683068783068785 02110755
-78.8666928 33.74072759 14.574603174603176 02110760
-78.7186287 33.82128347 14.742857142857146 02110770
-78.6558483 33.8515612 15.096874999999999 02110777
-79.09420639 33.64905837 13.705729166666666 02110802
-79.1269867 33.50655724 13.753125000000002 021108125
-79.1739341 33.44461245 13.9828125 02110815
-79.2477222 34.05675 12.682812500000002 02135000
-80.6539697 34.24459385 14.771875000000001 02148000
-81.4212089 34.5951393 10.577083333333333 02156500
-81.548158 34.5354163 11.835416666666665 02160105
-81.5981594 34.5093039 11.84375 02160700
-81.3303747 34.26070285 14.566666666666668 02160991
-81.0733333 34.0483333 14.516842105263159 02162035
-82.44401468 34.6148366 11.049999999999999 02163001
-81.5684382 34.09930647 13.854166666666666 02167600
-81.5617714 34.0795843 14.845833333333333 02167716
-81.22065329 34.052093 16.334374999999998 02168500
-81.2095418 34.0509822 16.356770833333332 02168504
-81.0878717 34.0140416 16.403125 02169000
-79.9447993 33.41822284 15.246354166666668 02171637
-79.915 33.4275 14.842708333333334 02171645
-79.3542237 33.15433435 15.215625000000001 02171905
-79.9749167 33.21491667 14.231770833333334 02172002
-79.9489708 33.0935042 14.78125 02172020
-79.9584722 33.0569722 14.816666666666665 02172040
-79.9357778 33.05766667 14.709895833333334 02172050
-79.90675 33.01577778 14.651562500000002 021720508
-79.9228612 32.9835058 14.764583333333334 02172053
-79.9413056 32.97988889 14.481770833333334 0217206110
-79.9628645 32.89045228 15.397883597883595 021720677
-79.9526667 32.85569444 15.475520833333334 0217206935
-79.82438889 32.92130556 15.752604166666666 0217206962
-79.8961963 32.8590638 15.6171875 021720698
-79.9100869 32.80239835 15.7203125 021720709
-79.923699 32.7804544 15.663874345549734 021720710
-80.1516667 32.92583333 14.768749999999999 021720825
-80.0237014 32.8346201 15.502083333333331 021720869
-81.6017714 33.75347736 12.975 02172300
-82.6180556 34.1011111 16.676041666666663 02188100
-82.345 33.84166667 15.803645833333334 02193900
-83.1161667 34.97452778 9.649479166666667 02176930
-83.405 34.75027778 12.463020833333333 02181350
-81.11789 32.18575747 15.503125000000002 021989784
-81.11763889 32.171 15.392708333333333 021989791
-81.0069444 32.10305556 15.928125 0219897993
-80.7226078 32.26770186 21.3 321603080432202
-79.3633333 33.07444444 16.195833333333336 330428079214800
-81.1780278 32.25602778 14.935416666666669 02198810
-81.1536111 32.24916667 15.004687500000001 02198820
-81.1510833 32.2354722 14.925000000000002 02198840
-81.1549167 32.16533333 15.094791666666666 02198920
-81.1379722 32.1657222 15.174479166666666 02198950
-81.1352778 32.14277778 15.149479166666667 02198955
-81.1283333 32.11608333 15.336458333333333 021989715
-81.0813611 32.08041667 15.567708333333334 021989773
-81.13 32.16583333 15.38125 021989792
-81.1219444 32.13666667 15.482291666666667 021989793
-81.1219444 32.13666667 15.482291666666667 021989793
-81.0827778 32.09777778 15.719791666666667 0219897945
-80.9060556 32.03580556 16.251832460732984 02198980
-82.6098056 32.97566667 14.307812500000002 02201000
-81.3627778 31.45333333 17.175520833333334 022035975
-84.4152778 33.68388889 13.513541666666667 02203603
-84.35813889 33.67891667 12.846354166666666 02203655
-84.3301111 33.68902778 12.903645833333334 02203700
-84.2921944 33.70569444 13.378124999999999 02203831
-84.25388889 33.69319444 13.024479166666666 02203863
-84.2391667 33.70941667 13.003645833333332 02203873
-84.224 33.66577778 12.5484375 02203900
-84.2203611 33.7632222 13.189062499999999 02203950
-84.1986111 33.69666667 12.963020833333333 02203960
-84.1511667 33.66819444 12.945833333333333 02204037
-84.1077778 33.9411111 13.135078534031415 02205865
-84.0581944 33.7725 13.628124999999999 02207120
-84.1393333 33.83041667 12.988020833333332 02207135
-84.0771667 33.77327778 13.5453125 02207160
-84.0377778 33.7775 13.245833333333332 02207185
-83.99013889 33.81527778 13.762499999999998 02207385
-83.9425 33.82138889 13.486387434554974 02207400
-83.8880556 33.91694444 13.054166666666667 02208150
-83.7784167 33.63938889 12.440104166666666 02208450
-83.7988611 33.6285 13.705729166666666 02208493
-83.7231667 33.10030556 13.207812499999998 02212600
-83.4623056 32.283 14.792187499999999 02215000
-82.6740556 31.91991667 16.154687499999998 02215500
-83.8544444 34.0822222 12.936649214659685 02217274
-83.5250944 34.1620583 12.485416666666666 02217643
-83.8941667 34.01027778 13.074999999999998 02218565
-82.35338889 31.9395 16.29375 02225000
-82.56013889 30.68102778 17.1453125 02314500
-83.0326667 30.70383333 17.449479166666666 02317500
-83.5841111 31.48169444 18.158854166666668 02317797
-83.72925 34.7009722 11.155729166666667 02330450
-83.9402222 34.52827778 9.830729166666666 02333500
-84.0784167 34.15666667 13.190104166666666 02334430
-84.07 34.1325 12.709375 02334480
-84.0780556 34.09638889 12.9296875 02334578
-84.1106944 34.0588333 13.646354166666667 02334652
-84.1083333 34.0567222 13.667708333333332 02334653
-84.1052778 34.05388889 13.664583333333333 02334654
-84.08888889 34.0325 12.2515625 02334885
-84.2019444 33.9972222 13.648958333333333 02335000
-84.2647222 33.965 13.096354166666666 02335350
-84.3156944 33.98580556 13.735416666666666 02335450
-84.3844444 33.99666667 13.721354166666666 02335777
-84.3844444 33.99638889 13.730729166666668 02335778
-84.3844444 33.99527778 13.683854166666668 02335779
-84.3836667 33.96775 14.312234042553188 02335815
-84.4430278 33.9019722 13.616666666666667 02335880
-84.4544444 33.85916667 13.526041666666666 02336000
-84.225 33.9058333 14.489583333333334 02336030
-84.3427778 33.83155556 13.071875 02336120
-84.2479722 33.81044444 12.947395833333333 02336152
-84.2747222 33.82138889 12.972916666666668 023362095
-84.3406944 33.8030833 12.8359375 02336240
-84.40763889 33.82030556 13.293617021276598 02336300
-84.43863889 33.82163889 12.598437500000001 02336313
-84.34525 33.89775 13.086458333333333 02336340
-84.37888889 33.86916667 12.791145833333333 02336360
-84.4392778 33.8382222 12.522916666666665 02336410
-84.4741944 33.7944722 12.211458333333335 02336526
-84.5681667 33.74352778 12.736458333333331 02336728
-84.6736111 33.65666667 14.476041666666665 02337170
-84.8210278 33.65380556 12.177083333333334 02337410
-84.9367222 33.52638889 12.988541666666668 02337498
-85.2267222 33.3407222 12.684895833333334 02338523
-85.1066111 31.24908333 16.555729166666666 02343805
-84.43388889 33.5258333 13.575520833333334 02344280
-84.5826111 33.35727778 14.043749999999998 02344630
-84.5783333 33.42166667 12.9375 02344655
-84.5727222 33.38316667 14.225520833333334 02344673
-84.2531111 31.76458333 14.119791666666666 02350900
-84.33888889 31.30694444 16.151041666666664 02353000
-84.5805 30.91030556 17.209895833333334 02356000
-84.7495 30.903 19.420312499999998 02357150
-84.77025 34.71675 11.436458333333334 02385800
-84.4945278 34.24019444 10.4828125 02392000
-84.7410833 34.1629722 14.203645833333333 02394000
-84.8544444 34.0789722 12.868648648648648 02394682
-85.2564167 34.2005 13.772916666666667 02397000
-83.7223056 34.8836111 11.082812499999998 03544970
-80.8725578 28.36972837 21.826562499999998 02232400
-81.0353374 28.7141611 21.822916666666668 02234000
-81.683138 29.5963582 20.076562499999998 02244040
-81.6151361 30.0059222 18.860714285714288 02245340
-81.54638889 30.11916667 18.0734375 022462002
-81.7403761 30.28218375 19.1375 02246459
-81.57 30.28696944 19.009375000000002 02246518
-81.6682 30.44333889 18.243750000000002 02246751
-81.59688889 30.45494167 18.6875 02246804
-81.5195173 28.39056323 18.9421875 02264000
-81.6164632 28.38500749 19.057291666666668 02266200
-81.579796 28.33278738 20.07760416666667 02266300
-81.5439622 28.27584517 19.711458333333333 02266495
-80.2587833 27.2048 23.31927083333333 02277100
-80.2587833 27.2048 23.31927083333333 02277100
-80.2074444 27.19902778 23.671875 02277110
-80.1949722 25.9002222 24.496354166666663 02286328
-80.3856944 25.57027778 24.75572916666667 0229070838
-80.37875 25.57091667 24.734375 022907085
-80.3595556 25.5598611 24.959374999999994 02290709
-80.8545278 25.46797778 24.447916666666668 022908295
-81.3825 25.8697222 23.54895833333333 02290928
-81.69313699 26.72173487 23.087499999999995 02292900
-81.9994444 27.08666667 22.261979166666666 02297345
-82.00730919 27.07755529 22.439583333333335 02297350
-81.9356414 26.98478094 22.6921875 02298202
-82.451425 27.11850278 22.719270833333336 02299730
-82.4474111 27.11271944 22.570833333333336 02299734
-82.3670375 27.51364999 20.932291666666668 023000095
-82.3264528 27.86934167 22.141145833333336 02301718
-82.3842598 27.85974739 21.953125 02301721
-82.3637032 28.05446224 20.319791666666664 02304000
-82.4345385 28.02113015 23.307291666666668 02304510
-82.4424056 28.0151611 22.9890625 02304517
-82.451761 28.02113004 25.527604166666663 02306000
-82.45231658 28.02113003 25.1 023060003
-82.4548166 28.0202967 23.2109375 023060013
-82.4587057 27.94196627 22.09166666666667 02306028
-82.7226006 28.2502877 21.81145833333333 02310308
-82.5767656 28.71526419 22.61145833333333 02310650
-82.6062107 28.71526404 21.523958333333336 02310663
-82.6247222 28.70263889 21.009375000000002 02310673
-82.6389891 28.69470935 21.168229166666666 02310674
-82.58871089 28.79970509 23.322395833333335 02310678
-82.589822 28.79748294 22.674479166666668 02310688
-82.60563889 28.8131111 22.11927083333333 02310689
-82.6026 28.80137159 22.15625 02310690
-82.6178779 28.78526096 22.078125 02310700
-82.695657 28.7716498 21.51510416666667 02310712
-82.5956566 28.890535 22.932291666666668 02310740
-82.6055556 28.8933611 22.267187499999995 02310742
-82.5931566 28.89470155 23.084895833333334 02310743
-82.62388889 28.90638889 21.677083333333332 02310747
-82.6458056 28.90155556 21.085416666666664 02310752
-82.7657876 29.00110935 20.279687499999998 02313272
-82.9331875 30.3929988 17.85260416666667 02315550
-83.0892778 30.43944444 19.82864583333334 02315626
-83.073195 30.59826888 16.830729166666668 02317620
-83.2595906 30.59548716 18.766145833333336 02319000
-83.2443097 30.48049106 21.0 02319302
-83.18013979 30.41049435 20.22447916666667 02319394
-83.1351374 30.36132999 21.301562500000006 02319520
-83.24958439 30.2449425 19.9171875 02319800
-83.2271694 30.12572778 21.800000000000008 02319950
-82.997352 30.0060603 21.7234375 02320250
-82.9276278 29.955785 20.384375000000002 02320500
-82.4262246 29.9219073 17.0625 02321500
-82.59122849 29.8735723 18.498437500000005 02321958
-82.7151204 29.84884769 20.653125 02322500
-82.758457 29.9799552 21.599999999999998 02322688
-82.7859573 29.95273288 21.496354166666663 02322700
-82.8604033 29.91162076 20.8484375 02322800
-82.9331797 29.5891247 22.608854166666664 02323502
-82.976791 29.4896808 22.524479166666662 02323566
-83.9796085 30.3013159 20.27329842931937 02326526
-84.30128689 30.23492447 21.0 02327000
-84.3273972 30.07270485 19.698958333333334 02327031
-84.8590871 30.7010251 17.72552083333333 02358000
-85.0154686 29.94937094 18.311458333333334 02359170
-81.0643806 25.13696944 23.805208333333336 250802081035500
-80.7231111 25.17464167 24.0625 251032080432200
-80.6390528 25.19059444 24.91302083333333 251127080382100
-80.5841111 25.20330278 24.553645833333334 251209080350100
-80.5248667 25.232625 24.646236559139783 251355080312800
-80.4475722 25.24210833 24.4875 251433080265000
-80.6662611 25.25255556 26.560937500000005 251457080395802
-80.9331528 25.512125 24.5671875 253044080555900
-80.3597278 25.5598361 25.417708333333337 253335080213501
-80.38146389 25.5703972 26.7234375 253413080225301
-80.3786472 25.57136667 26.538020833333334 253417080224301
-80.38088889 25.58955556 26.0 253522080225101
-81.16425 25.72902778 26.275000000000002 254344081095101
-81.53795 25.86051667 23.7234375 255138081321701
-80.6208333 25.86415 24.100000000000005 255151080371501
-81.4555 25.89538889 23.760416666666668 255327081275900
-80.194775 25.900175 25.0 255358080114102
-80.1947944 25.90018889 25.0 255358080114103
-81.5109167 25.90880556 23.9265625 255432081303900
-81.5443056 25.926 23.390625 255534081324000
-81.5844222 25.9523611 23.380208333333332 255654081350200
-81.5109083 25.9569972 24.280208333333334 255726081303700
-80.08170838 26.9478354 24.39375 265651080045500
-80.16 26.98528333 22.935937500000005 265906080093500
-80.1548333 26.9914 22.70520833333333 265929080091800
-82.69063889 28.92527778 21.01770833333333 285531082412600
-81.6059091 29.30858648 19.81041666666667 291830081362200
-81.5811919 29.70385766 19.81458333333333 294213081345300
-81.5959 30.13408889 18.183333333333334 300803081354500
-81.6662048 30.1902405 19.76736842105263 301124081395901
-81.7304 30.20118056 17.989583333333332 301204081434900
-81.6601 30.30478056 19.790625000000002 301817081393600
-85.0591667 31.62219444 16.7375 023432415
-85.45325 34.20194444 12.742708333333331 02397530
-85.6141287 34.06509836 13.63582089552239 02400100
-81.6601 30.30478056 19.790625000000002 301817081393600
-81.55814749 30.3860727 19.602083333333333 302309081333001
-81.7592 30.43585 17.527604166666666 302609081453300
-81.5233 30.44928889 19.8875 302657081312400
-86.1955222 32.43985898 16.0 02419890
-86.599431 33.62232504 14.375 02423130
-86.5491517 33.60371416 12.893749999999999 02423160
-86.5624847 33.53454886 15.362500000000002 02423397
-86.7841551 33.3692767 13.264583333333334 02423496
-86.7169325 33.52093809 13.6484375 02423571
-87.3989084 34.28537757 10.422916666666666 02450250
-87.1702791 33.75760677 13.414583333333335 02453500
-86.6961013 33.71121273 14.527083333333335 02455980
-86.8680483 33.5970492 14.449999999999998 02457595
-86.7188778 33.5770483 16.181250000000002 02458148
-86.8791584 33.5176059 15.454166666666666 02458450
-86.8791584 33.5176059 15.454166666666666 02458450
-86.8911032 33.5239948 15.364583333333334 02458502
-86.8364556 33.5057722 17.68177083333333 02461130
-86.8721722 33.4926111 16.223958333333332 02461192
-88.4431868 46.7346552 1.9713541666666667 04043097
-87.8776299 46.78214818 2.4489583333333336 04043238
-87.8523522 46.7857589 2.8255208333333335 04043244
-86.5407188 46.48772616 2.7916666666666665 04044755
-87.8679127 46.49326948 0.4223958333333333 04057801
-87.2020793 45.7549674 0.5130208333333334 04059500
-87.2020793 45.7549674 0.5130208333333334 04059500
-86.2597325 41.8292138 6.147395833333334 04101500
-86.106703 42.65085976 5.147916666666666 04108660
-86.0264354 43.0241884 4.840167364016735 04119400
-85.4675442 43.693634 2.8901041666666667 04121650
-85.4778209 43.61308 2.9718749999999994 04121660
-85.63060189 43.485857 5.611458333333334 04121680
-85.5955989 43.43085818 3.8739583333333325 04121944
-85.6653239 43.43474558 5.424479166666667 04121970
-85.6986792 44.43639239 3.6854166666666672 04124000
-85.820905 44.3630596 3.1812500000000004 04124200
-85.7697863 44.19334009 4.320833333333334 04125460
-85.94174209 44.25944997 3.5890625000000007 04125550
-84.2925146 44.6769593 3.5890625000000003 04136000
-84.1311167 44.66001385 3.504166666666667 04136500
-83.83776619 44.61279117 3.7317708333333335 04136900
-83.802764 44.56084749 3.2046875000000004 04137005
-83.7213714 44.46334886 2.8223958333333337 04137020
-83.6744254 44.4541823 2.8609375 04137025
-83.57108839 44.47279328 2.6947916666666667 04137030
-83.4338609 44.43640447 3.043229166666667 04137500
-84.0199939 44.0725203 3.133854166666667 04142000
-83.9846833 42.88169789 4.185416666666666 04144032
-83.8460698 42.9419733 3.5666666666666664 041482663
-83.951918 43.4219699 3.900416666666666 04157005
-82.90881 42.5958674 5.053645833333333 04165500
-83.2546513 42.3730923 4.265104166666666 04166500
-83.53104619 41.9606008 4.544791666666666 04176500
-85.4093361 41.88845556 10.360416666666667 415318085243401
-91.1915556 30.44566667 11.631250000000001 07374000
-91.1915556 30.44566667 11.631250000000001 07374000
-89.9375 29.78416667 20.547916666666662 073745253
-89.7195065 29.7082661 20.201041666666665 073745257
-89.7039524 29.57076989 19.216666666666665 073745258
-89.5636694 29.63354395 18.95 07374526
-89.6060323 29.5859626 19.526041666666668 07374527
-89.5122222 29.56930556 19.039583333333333 073745275
-90.0485278 29.2313611 20.126041666666666 07380249
-89.9506268 29.42272045 19.21770833333333 07380251
-90.0411844 29.39855505 19.758333333333336 073802512
-89.9885 29.3336111 19.433333333333334 073802514
-89.9468056 29.27283333 20.28229166666667 073802516
-89.597 29.30452778 20.769791666666666 07380260
-90.1655556 29.56577778 18.761458333333334 07380330
-90.1814655 29.5177174 18.677083333333332 07380335
-90.5367778 29.64705556 17.2703125 07381150
-90.3808333 29.5772222 18.532608695652176 07381235
-90.729812 29.38522075 18.342708333333334 07381328
-90.71 29.59805556 17.875789473684208 07381331
-90.9211111 29.24916667 19.566666666666666 07381349
-90.8713889 29.07805556 19.373958333333334 073813498
-90.544808 29.64521343 17.348958333333332 07381350
-90.5576667 29.62733333 18.230729166666666 07381355
-91.0997222 29.66833333 17.102083333333336 073814675
-91.2119368 29.69281939 12.8 07381600
-91.8803982 29.71326575 17.417708333333334 07387040
-92.1355556 29.67444444 18.79583333333333 07387050
-93.2473764 30.23714987 18.46875 08017044
-93.2995989 30.0318786 18.260416666666668 08017095
-93.349043 29.8157762 17.619791666666668 08017118
-89.9405 29.3247222 19.943749999999998 291929089562600
-90.1 29.46666667 19.265591397849462 292800090060000
-90.0111111 29.48305556 19.35625 292859090004000
-89.7605556 29.49777778 20.379166666666666 292952089453800
-90.9480556 29.49777778 18.42291666666667 292952090565300
-91.3855556 29.54138889 14.989583333333334 293229091230800
-92.6041667 29.63583333 19.735416666666666 293809092361500
-92.8230556 29.67916667 18.21666666666667 294045092492300
-92.4166667 29.78805556 17.862222222222222 294717092250000
-90.2047222 29.85527778 17.952083333333334 2951190901217
-89.9076944 29.85355556 15.79166666666667 295124089542100
-93.1669444 29.87527778 17.95416666666667 295231093100100
-90.3177778 29.91694444 12.543749999999998 295501090190400
-93.5105556 29.9622222 18.114583333333332 295744093303800
-90.6308333 30.10055556 16.46666666666667 300602090375100
-89.2502778 30.12277778 17.618750000000002 300722089150100
-89.7405556 30.16694444 16.747916666666665 301001089442600
-90.64 30.22333333 17.191666666666666 301324090382400
-101.879628 35.4703261 9.117708333333335 07227500
-100.2089951 33.62203029 15.842708333333334 07311782
-98.5336663 33.90954178 13.25625 07312500
-98.2967139 34.0531504 12.638541666666669 07312700
-95.9844444 33.6822222 12.481770833333334 07332620
-95.9611111 33.74416667 12.492021276595745 07332622
-94.1744444 30.1411111 16.9140625 08041770
-94.1744444 30.1411111 16.9140625 08041770
-97.3325167 32.76096337 15.776562500000002 08048000
-96.9944444 32.7625 18.232812499999998 08049500
-96.8927805 33.28344977 11.8609375 08052700
-96.8919475 33.2192846 15.067708333333334 08052745
-96.8219464 32.7748517 19.883854166666666 08057000
-96.7358319 32.70763139 20.023437500000004 08057410
-96.4630415 32.42652988 17.18958333333333 08062500
-95.6563407 31.33851319 15.388020833333336 08065350
-95.0323972 29.80674444 17.692708333333332 08067074
-94.774366 29.9418847 17.473958333333332 08067100
-94.7149197 29.86744193 18.888541666666665 08067118
-94.7699213 29.90160798 17.421875 08067215
-94.7313087 29.8124434 18.078125 08067252
-95.4571616 30.24465738 17.45 08068000
-95.4363275 30.11049517 16.655729166666667 08068500
-95.2579888 30.02716385 17.8515625 08069500
-95.1246139 30.14523056 15.032291666666667 08070200
-100.0264755 31.71542973 14.123958333333334 08126380
-97.7713947 30.26354169 21.400000000000002 08155500
-98.1261111 30.03444444 20.900000000000002 08170990
-98.5487944 29.24685278 17.403125000000003 08180850
-98.4908493 29.2641276 20.774345549738218 08181500
-98.3558463 29.2221853 22.263020833333332 08181800
-97.7371389 28.84869444 18.198952879581153 08188060
-99.7047756 29.48856496 17.475 08195000
-97.7758308 27.93779594 19.346354166666668 08211200
-97.6255509 27.8969652 20.939062500000002 08211503
-97.6161667 27.89775 21.235416666666666 0821150305
-106.5408218 31.80288488 15.421354166666667 08364000
-104.2865896 29.51962973 15.677604166666667 08374200
-103.5977778 29.1547222 14.93125 08374510
-102.9754409 29.1835386 16.629166666666666 08375300
-101.7559523 29.78075694 16.913541666666664 08377200
-103.8315824 31.87262648 11.157291666666666 08412500
-103.0059908 31.3668055 12.823958333333332 08437710
-102.4176419 31.11320329 14.034895833333332 08446500
-101.7701244 30.65961373 15.608854166666665 08447000
-101.8030556 30.46888889 21.9796875 08447018
-101.7415556 30.314 16.916666666666668 08447300
-101.4462223 29.8029823 16.6453125 08447410
-98.4958333 29.39194444 26.93819444444445 292331098294501
-99.2833738 29.43856519 22.300000000000008 292618099165901
-98.5955556 29.49527778 22.064062499999995 292943098354404
-98.5613889 29.5211111 22.27349397590362 293116098334101
-98.6355556 29.54777778 22.199999999999992 293252098380801
-98.5486111 29.58777778 21.91979166666667 293516098325501
-98.4483333 29.62944444 22.0 293746098265401
-95.0644278 29.7785861 17.684126984126983 294643095035200
-95.1242915 29.92369393 18.197916666666668 295524095072701
-95.1667778 29.93825 18.993750000000002 295554095093402
-95.1393833 29.97393333 18.35053191489362 295826095082200
