-79.9228612 32.9835058 4.8671875 02172053
-81.11789 32.18575747 1.1937499999999999 021989784
-81.11763889 32.171 1.9328125 021989791
-81.0069444 32.10305556 20.072916666666668 0219897993
-81.1780278 32.25602778 0.0031250000000000006 02198810
-81.1536111 32.24916667 0.03802083333333333 02198820
-81.1510833 32.2354722 0.05364583333333334 02198840
-81.1549167 32.16533333 5.179166666666667 02198920
-81.1379722 32.1657222 4.180208333333334 02198950
-81.1352778 32.14277778 4.8796875 02198955
-81.1283333 32.11608333 9.026562499999999 021989715
-81.0813611 32.08041667 13.15 021989773
-81.13 32.16583333 2.7156249999999997 021989792
-81.1219444 32.13666667 5.976041666666667 021989793
-81.1219444 32.13666667 5.976041666666667 021989793
-81.0827778 32.09777778 10.5703125 0219897945
-80.9060556 32.03580556 27.072916666666668 02198980
-81.3627778 31.45333333 28.083333333333332 022035975
-81.683138 29.5963582 0.21354166666666666 02244040
-81.6151361 30.0059222 0.20000000000000004 02245340
-81.54638889 30.11916667 0.09999999999999999 022462002
-81.7403761 30.28218375 0.09999999999999999 02246459
-81.57 30.28696944 0.19999999999999998 02246518
-81.6682 30.44333889 0.4677083333333334 02246751
-81.59688889 30.45494167 0.9765625 02246804
-80.2587833 27.2048 1.2395833333333333 02277100
-80.2587833 27.2048 1.2395833333333333 02277100
-80.2074444 27.19902778 8.419791666666667 02277110
-80.1949722 25.9002222 0.19999999999999998 02286328
-80.37875 25.57091667 0.19999999999999998 022907085
-80.3595556 25.5598611 0.19999999999999998 02290709
-80.8545278 25.46797778 0.19999999999999998 022908295
-81.3825 25.8697222 10.702604166666667 02290928
-84.3273972 30.07270485 27.520833333333332 02327031
-81.0643806 25.13696944 26.713541666666668 250802081035500
-80.7231111 25.17464167 4.065104166666667 251032080432200
-80.6390528 25.19059444 7.590624999999999 251127080382100
-80.5841111 25.20330278 6.155208333333333 251209080350100
-80.5248667 25.232625 1.9010752688172041 251355080312800
-80.4475722 25.24210833 11.0859375 251433080265000
-80.6662611 25.25255556 5.1000000000000005 251457080395802
-80.9331528 25.512125 0.2760416666666666 253044080555900
-81.16425 25.72902778 12.0 254344081095101
-81.53795 25.86051667 28.807291666666668 255138081321701
-80.6208333 25.86415 0.2822916666666666 255151080371501
-81.4555 25.89538889 9.121875000000001 255327081275900
-80.194775 25.900175 0.9000000000000002 255358080114102
-81.5109167 25.90880556 14.355208333333332 255432081303900
-81.5443056 25.926 27.348958333333332 255534081324000
-81.5844222 25.9523611 28.5625 255654081350200
-81.5109083 25.9569972 0.5770833333333333 255726081303700
-80.08170838 26.9478354 28.260416666666668 265651080045500
-80.16 26.98528333 0.1859375 265906080093500
-80.1548333 26.9914 0.10104166666666665 265929080091800
-81.5811919 29.70385766 0.19999999999999998 294213081345300
-81.5959 30.13408889 0.09999999999999999 300803081354500
-81.6662048 30.1902405 0.19999999999999993 301124081395901
-81.7304 30.20118056 0.09999999999999999 301204081434900
-81.6601 30.30478056 0.20625000000000002 301817081393600
-81.6601 30.30478056 0.20625000000000002 301817081393600
-81.55814749 30.3860727 13.920833333333334 302309081333001
-81.7592 30.43585 0.20312500000000003 302609081453300
-81.5233 30.44928889 10.613541666666666 302657081312400
-91.1915556 30.44566667 0.19999999999999998 07374000
-91.1915556 30.44566667 0.19999999999999998 07374000
-89.9375 29.78416667 1.3166666666666669 073745253
-89.7195065 29.7082661 5.162500000000001 073745257
-89.7039524 29.57076989 0.7125 073745258
-89.5636694 29.63354395 18.333333333333332 07374526
-89.6060323 29.5859626 13.329166666666666 07374527
-89.5122222 29.56930556 17.479166666666668 073745275
-90.0485278 29.2313611 25.354166666666668 07380249
-89.9506268 29.42272045 20.052083333333332 07380251
-90.0411844 29.39855505 15.34375 073802512
-89.9885 29.3336111 24.0 073802514
-89.9468056 29.27283333 26.958333333333332 073802516
-89.597 29.30452778 23.822916666666668 07380260
-90.1655556 29.56577778 1.1468749999999999 07380330
-90.1814655 29.5177174 1.4270833333333333 07380335
-90.5367778 29.64705556 0.19999999999999998 07381150
-90.729812 29.38522075 7.7229166666666655 07381328
-90.71 29.59805556 0.5494736842105262 07381331
-90.9211111 29.24916667 16.8125 07381349
-90.8713889 29.07805556 26.270833333333332 073813498
-90.544808 29.64521343 0.19999999999999998 07381350
-90.5576667 29.62733333 0.21510416666666674 07381355
-91.0997222 29.66833333 0.15208333333333335 073814675
-92.1355556 29.67444444 5.691666666666666 07387050
-93.2473764 30.23714987 14.083333333333334 08017044
-93.2995989 30.0318786 21.020833333333332 08017095
-93.349043 29.8157762 19.635416666666668 08017118
-89.9405 29.3247222 26.822916666666668 291929089562600
-90.1 29.46666667 6.804347826086956 292800090060000
-90.0111111 29.48305556 13.045833333333334 292859090004000
-89.7605556 29.49777778 18.458333333333332 292952089453800
-90.9480556 29.49777778 0.19999999999999998 292952090565300
-91.3855556 29.54138889 0.19999999999999998 293229091230800
-92.6041667 29.63583333 20.5625 293809092361500
-92.8230556 29.67916667 11.583333333333334 294045092492300
-92.4166667 29.78805556 0.3 294717092250000
-90.2047222 29.85527778 0.19999999999999998 2951190901217
-89.9076944 29.85355556 0.19999999999999998 295124089542100
-93.1669444 29.87527778 1.40625 295231093100100
-90.3177778 29.91694444 0.19999999999999998 295501090190400
-93.5105556 29.9622222 1.0250000000000001 295744093303800
-90.6308333 30.10055556 0.19999999999999998 300602090375100
-89.2502778 30.12277778 19.145833333333332 300722089150100
-89.7405556 30.16694444 4.247916666666667 301001089442600
-90.64 30.22333333 0.09999999999999999 301324090382400
-94.7699213 29.90160798 0.10885416666666665 08067215
-71.7911829 42.41092507 0.06715838051518619 01095220
-71.8281279 42.37286967 0.13415272618839966 01095375
-71.775349 42.36453675 0.2630640763292517 01095434
-70.8991667 42.88666667 0.34213647269015957 425311070535801
-70.91436389 42.89831944 0.19835173248381416 425400070545401
-70.9605333 42.94673056 0.16823570826248413 425651070573701
-71.2894444 42.38555556 0.2262451889659156 01104370
-71.2695014 42.436484 0.23006520053565518 01104405
-71.2642235 42.43648406 1.1106063952246443 01104410
-71.2600567 42.43592855 0.9335981772438603 01104415
-71.2575565 42.4198177 0.6101268114249834 01104420
-71.2733903 42.3981512 0.5078329596123243 01104430
-71.27527778 42.37138889 0.3840328384306785 01104453
-71.27033448 42.37259606 0.7862946415652702 01104455
-71.2706123 42.368985 0.3969705033924769 01104460
-71.2681121 42.3545408 0.17044999249962892 01104475
-70.0645556 41.9311111 24.32555896770276 011058798
-73.0301667 42.66669444 0.07676265309504826 01168250
-71.14388889 42.38388889 0.43495567869288204 422302071083801
-71.6061754 41.8525992 0.0908392663262932 01115098
-71.6095088 41.8456548 0.0386878188523122 01115110
-71.6120089 41.83759929 0.10379656431673662 01115114
-71.6089532 41.8314882 0.13607113870439283 01115120
-71.584508 41.84093269 0.11715228313204994 01115170
-71.5847857 41.79759966 0.08815287464694659 01115183
-71.6200647 41.7887107 0.059869507515647 01115184
-71.7050677 41.8187102 0.048128821203336086 01115187
-71.70034528 41.8223213 0.06220679819671172 01115190
-71.6986785 41.7906548 0.05051342626484142 01115265
-71.67478879 41.7825994 0.11690605547050109 01115275
-71.6672885 41.7853772 0.0507529339179592 01115276
-71.6497879 41.80398827 0.0847747446465314 01115280
-71.6356207 41.7648219 0.027960806555471684 01115297
-72.7080556 41.78443889 0.2156803351064132 01191000
-72.5531454 41.5417656 0.07292758846626442 01193050
-72.3843667 41.3514833 1.1720078396231015 01194750
-72.3459166 41.3125983 7.478316373300383 01194796
-72.841275 41.45026389 0.24595148766185615 01196500
-73.4495669 41.5931499 0.1731092313959774 01200600
-73.40320278 41.4658222 0.3661466974541891 01201487
-73.7101944 40.8662222 26.10291216349126 01302250
-73.5931944 40.9051111 26.16095443711244 01302845
-73.1431667 40.9628611 27.955759825413836 01304057
-72.30675 41.13663889 29.33112970051908 01304200
-72.6386667 40.91777778 26.279166024594677 01304562
-72.18438889 40.9530833 0.1558819279938509 0130469525
-73.09125 40.72105556 26.8563177279647 01306402
-73.5837396 40.5934366 31.377494661747864 01310740
-73.5837396 40.5934366 31.377494661747864 01310740
-73.6561722 40.60865278 30.37846459335424 01311143
-73.885136 40.57371636 29.292158461389025 01311875
-73.9492222 41.65219444 0.09282312628512143 01372058
-74.75877778 41.4612222 0.06537783129099663 01433500
-78.9345278 42.46344444 0.17342603702195544 04213500
-77.8286944 42.6824722 0.23788500324445253 04226000
-77.6163056 43.1417222 0.2798464712268076 04231600
-77.6163056 43.1417222 0.2798464712268076 04231600
-76.50527778 43.45166667 0.2595592344796868 04249000
-73.11325278 40.65591389 0.7470153341342142 403921073064801
-73.11205278 40.65603056 1.2304250484470893 403922073064401
-73.1121833 40.6560333 1.412691465347262 403922073064402
-72.46463889 41.04852778 0.037141181050785003 410254072275201
-74.28 40.99194444 0.3247430079554393 01388000
-74.2691667 40.89638889 0.45088927654347416 01389005
-74.58277778 40.55555556 0.20380955482940458 01400500
-74.1547222 40.16138889 0.14689286147841826 01408000
-74.1222222 40.14666667 0.12512046636825366 01408029
-74.1222222 40.14666667 0.12512046636825366 01408029
-75.065 40.5261111 0.12326380267273966 01458500
-74.4641667 40.50777778 0.1150371410937114 01460595
-74.7780556 40.22166667 0.11433899337244417 01463500
-73.9898667 40.43015 23.718779079657757 402548073592301
-73.9896667 40.4301 12.25354122930269 402548073592302
-73.9895667 40.4301 0.3231862571451934 402548073592303
-73.9895667 40.4301 17.939599930670795 402548073592304
-75.6087222 39.71063889 0.3066748106615754 01480065
-75.5766944 39.7695 0.1885471052584046 01481500
-75.5682589 39.5009454 7.454748861122617 01482800
-75.61352778 39.46594444 5.7996731576260245 01483177
-75.4583056 39.0105 3.558808098893161 01484080
-75.25077778 38.791 3.4174431840068915 01484272
-75.29102778 38.59455556 0.06366220994142896 01484525
-75.0991944 38.62494444 30.040308657834697 01484680
-75.0574167 41.75675 0.05173668667899298 01427510
-75.5990417 38.741075 0.09423706337729026 384428075355701
-75.1544194 38.7573222 0.08644861304246176 384526075091601
-75.2588611 38.77705556 0.1137514206707489 384637075153201
-75.1373987 39.95400165 0.13742180782273156 01467200
-76.1246622 40.6292577 0.20420616925646193 01468500
-75.3561111 40.11555556 0.22210863735423256 01473500
-75.36630199 39.83677934 0.174659514909565 01477050
-75.8013341 39.9617734 0.22487023303456502 01480617
-75.8013341 39.9617734 0.22487023303456502 01480617
-75.6732715 39.9687191 0.20332854151820334 01480870
-75.5932623 39.8698328 0.19057803080538005 01481000
-77.0802457 41.7970183 0.08966758270488084 01516350
-77.1152486 41.95257385 0.07829258638332384 01518700
-76.6191222 40.95814218 0.1350932840714404 01540500
-78.108896 41.11755906 0.1534301743844919 01542500
-77.8258251 41.4758994 0.02186407432643492 01544500
-77.32414028 41.273683 0.039458452474118715 01549700
-76.56777778 40.19527778 0.15059504670365106 01573695
-76.68775 40.14930556 0.1839576614946002 01573710
-76.26403889 39.9959361 0.3986925755423299 015765195
-76.33329279 39.82788027 0.1200828520951975 01576980
-78.29279129 41.81867578 0.034109743397285903 03007800
-78.5961347 41.5531176 0.01930114819123885 03027500
-79.00836738 40.93923105 0.16864265749663557 03034000
-79.2911508 40.9275653 0.11770005887119801 03036000
-79.6686111 40.68555556 0.0717102108340637 03039041
-79.3672609 40.46756718 0.12437889592794067 03043810
-79.3908724 40.4545117 0.19407542656120244 03044000
-79.81475899 40.5361302 0.09120764965741959 03049640
-79.9706152 39.7592449 0.43069414417742335 03072000
-79.9228206 39.8250275 0.10551257858165272 03072655
-80.072558 39.92313056 0.18381494803463438 03073000
-79.9011517 40.26224454 0.1472988570978672 03075070
-79.2288333 39.85991667 0.14566554412980273 03079000
-79.3725353 39.8275767 0.04163725154732017 03081000
-79.8066944 40.2402222 0.10111253998189602 03083500
-80.3370083 40.88867389 0.16379051010668735 03105500
-80.2422837 40.8170092 0.20422664051940878 03106000
-80.3833975 40.6489546 0.10648529254236891 03108490
-79.9114471 39.72702308 0.13011974688733136 394337079544201
-75.94013889 39.25705556 0.09645577889591235 01493112
-76.15775 39.62605556 0.11845900657450116 01579550
-76.3474444 39.49627778 0.32267612539620405 01581752
-76.34263889 39.40852778 0.1474623886504768 01585075
-76.55513889 39.3179722 0.16590916658912128 01585219
-76.76175 39.3615833 0.2021372920796362 01589290
-76.60363889 39.2841111 1.067979169362367 01589485
-77.6340833 39.34125 0.15825047944922563 01636845
-77.6264722 39.3376111 0.16792802165277362 01636846
-77.4405833 39.43602778 0.24432261924917323 01642198
-77.42977778 39.42441667 0.31125976936057625 01642199
-77.12763889 38.94977778 0.17109728702949326 01646500
-76.96402778 39.0333611 0.17386344014371538 01649190
-76.9259722 38.96025 0.19832667191619985 01649500
-77.0048611 38.9862222 0.40724147632277724 01650800
-76.96513889 38.95255556 0.2554580054507056 01651000
-75.2114083 38.09080278 28.710139640902565 380527075124101
-75.2114083 38.09080278 2.5539224799914226 380527075124102
-75.2118111 38.0911833 3.737790328810522 380528075124301
-79.15213889 38.20227778 0.16336187972326016 01622459
-79.1341944 38.2085833 0.16473211152469666 01622464
-79.2374722 38.28538889 0.015389316178722866 0162246784
-78.9873056 37.9218611 0.041479035996804824 0162588350
-78.9853333 37.9250833 0.04472611010426158 0162588440
-78.6427935 38.69345016 0.24920715134703822 01632900
-77.3324293 38.88469518 0.21353163089555402 01645704
-77.3382627 38.90888916 0.08996756662440705 01645762
-77.3382627 38.90888916 0.08996756662440705 01645762
-77.24581439 38.97594346 0.13017265578165432 01646000
-77.1756743 38.95977716 0.15209593005189054 01646305
-77.2283158 38.81289066 0.18479618761363625 01654000
-77.2364549 38.81358508 0.1196831240903958 01654500
-77.7475556 38.67577778 0.10419920094963855 01655794
-77.4319047 38.8823899 0.22822340675606595 01656903
-77.9105278 38.7244722 0.0781952422677441 01661977
-77.52915268 38.30846178 0.05079608702412341 01668000
-77.3322018 37.76764189 0.04852061705789481 01673000
-76.39352778 37.0184972 0.12689511155259214 0167889257
-76.3861111 37.03769444 0.46624140445034573 0167891721
-79.7805278 38.3006111 0.02931341281628199 0201144558
-79.7726944 38.2995 0.02303021171494817 0201144806
-79.5964444 38.15541667 0.08434926106481906 02015729
-79.6073611 38.12294444 0.08330855288028305 02015742
-79.33538889 38.2759722 0.017864041963423574 02020246
-79.3348056 38.24416667 0.022014657545367296 02020258
-78.9154444 37.8905833 0.03373442522897848 0202848919
-78.8993056 37.8838611 0.03265834204285583 0202848938
-78.0858328 37.67097957 0.1202241449334805 02035000
-77.0608027 37.43625765 0.0663603609018119 02042500
-76.5662167 37.16720278 0.11577306631760245 0204279245
-76.5444306 37.10255 0.0850387068249219 0204279294
-76.20735 36.8750833 0.3166497727268199 0204288771
-76.22907778 36.7638111 0.11224597986212788 0204288786
-76.3842472 36.8624972 0.09853248243311002 0204289131
-76.3806361 36.88354444 0.12752290649179304 0204289402
-76.2504972 36.92351389 0.09945377701953581 0204289989
-76.0221944 36.85802778 0.09150770635960036 0204295063
-76.1313361 36.7912083 0.3813357429839942 0204306533
-76.2123167 36.69064444 0.1296503116261404 0204309906
-80.1519167 37.1870833 0.009145781858786693 0205373035
-80.1440833 37.1913611 0.011618128114784236 0205373075
-80.1350833 37.1731111 0.024748566867455957 0205373228
-80.1413611 37.16475 0.026551872768265875 0205373422
-80.19975 37.23430556 0.19090894351718382 0205450393
-80.1967778 37.2337222 0.17348282934855605 0205450495
-79.9375556 37.27794444 0.22332332464612217 0205551460
-79.8268333 37.05227778 0.03936514974168574 0205696042
-79.8254722 37.0558333 0.038508681171572655 0205696095
-78.2977743 36.60319824 0.05176662195985208 02079500
-80.50888889 37.3132222 0.1218874140296594 0317154954
-80.5169444 37.311 0.12615762811070602 0317155123
-80.6195556 37.34316667 0.011992976891834407 03171597
-80.6245556 37.33955556 0.012772811992027322 0317159760
-82.1548569 36.9448295 0.17130570948344864 03524000
-82.4562619 36.92926938 0.23137858045212154 03524500
-82.4619444 36.83138889 0.19385719980617178 03524740
-77.58027778 36.3311111 0.05494684230116099 0208062765
-77.21527778 36.0136111 0.05712150350962979 02081022
-76.89277778 35.81305556 0.05817135500597617 02081094
-76.72277778 35.915 0.08613220086137313 0208114150
-76.25388889 35.5058333 0.3111859049191165 0208458892
-76.18388889 35.50638889 0.33736429941923934 0208458893
-79.4230754 35.73514055 0.04395501192627377 02101726
-83.3536111 35.46138889 0.008474095797144898 03512000
-78.71973988 33.953505 0.27511420630150685 02110400
-78.7150175 33.9126719 0.05521120619553082 02110500
-78.8972222 33.8508333 0.05229297116065906 02110550
-79.0411471 33.86100349 0.14881891136519718 02110701
-79.0437222 33.8326111 0.05219319115372194 02110704
-78.75307469 33.7985057 0.15281088725176972 02110755
-78.8666928 33.74072759 0.062342475667117564 02110760
-78.7186287 33.82128347 1.7249931739752575 02110770
-78.6558483 33.8515612 13.180542092925874 02110777
-79.1269867 33.50655724 0.06409110911789165 021108125
-79.1739341 33.44461245 1.4748318380673642 02110815
-79.2477222 34.05675 0.041622262904875376 02135000
-81.4212089 34.5951393 0.039665878171304965 02156500
-81.548158 34.5354163 0.060866932087802035 02160105
-81.5981594 34.5093039 0.056268624292476706 02160700
-81.3303747 34.26070285 0.045071110135223524 02160991
-81.0878717 34.0140416 0.04079532423641253 02169000
-79.915 33.4275 0.046708707972262446 02171645
-79.3542237 33.15433435 6.50894960457429 02171905
-79.9489708 33.0935042 0.048944833650542204 02172020
-79.9584722 33.0569722 0.061657386571474966 02172040
-79.9357778 33.05766667 0.20210062958154956 02172050
-79.90675 33.01577778 0.8398514337441426 021720508
-79.9228612 32.9835058 4.726567515374961 02172053
-79.9628645 32.89045228 20.284403380083546 021720677
-79.9526667 32.85569444 23.558785647295174 0217206935
-79.82438889 32.92130556 23.21407199565536 0217206962
-79.8961963 32.8590638 25.398997454219412 021720698
-79.9100869 32.80239835 27.036586271663055 021720709
-79.923699 32.7804544 28.40976204425425 021720710
-80.1516667 32.92583333 1.4043676798040161 021720825
-80.0237014 32.8346201 18.69269568442577 021720869
-81.11789 32.18575747 1.2115110521594465 021989784
-81.11763889 32.171 1.930290801843328 021989791
-81.0069444 32.10305556 20.015843272870697 0219897993
-80.7226078 32.26770186 12.195215492977757 321603080432202
-79.3633333 33.07444444 31.09059086708948 330428079214800
-81.1780278 32.25602778 0.053203426276682245 02198810
-81.1536111 32.24916667 0.05745317089440023 02198820
-81.1510833 32.2354722 0.07438710219655392 02198840
-81.1549167 32.16533333 5.047180707613964 02198920
-81.1379722 32.1657222 4.114410901030103 02198950
-81.1352778 32.14277778 4.852337358091152 02198955
-81.1283333 32.11608333 8.980374827010296 021989715
-81.0813611 32.08041667 13.102900060935573 021989773
-81.13 32.16583333 2.693574449965656 021989792
-81.1219444 32.13666667 5.926412311427786 021989793
-81.1219444 32.13666667 5.926412311427786 021989793
-81.0827778 32.09777778 10.520137760643033 0219897945
-80.9060556 32.03580556 27.059645337329304 02198980
-81.3627778 31.45333333 27.959197320323387 022035975
-84.4152778 33.68388889 0.12386306514765322 02203603
-84.35813889 33.67891667 0.11398744572747235 02203655
-84.3301111 33.68902778 0.10138555785761236 02203700
-84.2921944 33.70569444 0.045919914239926696 02203831
-84.25388889 33.69319444 0.05510147072528715 02203863
-84.2391667 33.70941667 0.04768210056588257 02203873
-84.224 33.66577778 0.0687569990566146 02203900
-84.2203611 33.7632222 0.054565253187566054 02203950
-84.1986111 33.69666667 0.05063650730533003 02203960
-84.1511667 33.66819444 0.04116508919216402 02204037
-84.1077778 33.9411111 0.04705506166457205 02205865
-84.0581944 33.7725 0.10167862903948799 02207120
-84.1393333 33.83041667 0.05720379730269268 02207135
-84.0771667 33.77327778 0.033904573303089394 02207160
-84.0377778 33.7775 0.037046166305796546 02207185
-83.99013889 33.81527778 0.03244309515754657 02207385
-83.9425 33.82138889 0.023285682706240922 02207400
-83.8880556 33.91694444 0.04338315124579434 02208150
-83.7784167 33.63938889 0.03153694694247447 02208450
-83.7988611 33.6285 0.026046633176816575 02208493
-83.8544444 34.0822222 0.03024184060068836 02217274
-83.5250944 34.1620583 0.032476589729892334 02217643
-83.8941667 34.01027778 0.03373442522897848 02218565
-84.07 34.1325 0.04712553526611451 02334480
-84.0780556 34.09638889 0.04032808368110914 02334578
-84.2019444 33.9972222 0.040225634894041344 02335000
-84.2647222 33.965 0.06336297982717011 02335350
-84.4430278 33.9019722 0.05419612569445305 02335880
-84.4544444 33.85916667 0.05547057828028832 02336000
-84.225 33.9058333 0.048281049865727795 02336030
-84.3427778 33.83155556 0.07329182649049303 02336120
-84.2479722 33.81044444 0.04761222016326907 02336152
-84.2747222 33.82138889 0.0591787832194845 023362095
-84.3406944 33.8030833 0.06686909544652957 02336240
-84.40763889 33.82030556 0.08396107324913707 02336300
-84.43863889 33.82163889 0.14715977552368362 02336313
-84.34525 33.89775 0.05926107212255991 02336340
-84.37888889 33.86916667 0.06269969072476136 02336360
-84.4392778 33.8382222 0.07357623909449801 02336410
-84.4741944 33.7944722 0.14876831918034258 02336526
-84.5681667 33.74352778 0.06732546920096348 02336728
-84.6736111 33.65666667 0.10138806267233409 02337170
-84.8210278 33.65380556 0.025823617120085622 02337410
-85.1066111 31.24908333 0.04983063070926065 02343805
-84.5826111 33.35727778 0.028865084500384077 02344630
-84.5783333 33.42166667 0.026798330943126086 02344655
-84.5727222 33.38316667 0.029155625473261667 02344673
-84.5805 30.91030556 0.07085960792940375 02356000
-84.7495 30.903 0.12571276785267374 02357150
-84.8544444 34.0789722 0.028721597473735736 02394682
-81.4832778 31.17452778 0.2733415362749414 311028081285902
-81.4985417 31.18091944 0.3828682685049359 311051081295401
-80.8725578 28.36972837 0.15542339245734077 02232400
-81.0353374 28.7141611 0.19192053409166826 02234000
-81.683138 29.5963582 0.2555820073428494 02244040
-81.6151361 30.0059222 0.2329280043025412 02245340
-81.54638889 30.11916667 0.09411381416703012 022462002
-81.7403761 30.28218375 0.15003075908474814 02246459
-81.57 30.28696944 0.19873563613961143 02246518
-81.6682 30.44333889 0.4808509937881545 02246751
-81.59688889 30.45494167 0.9870519051093448 02246804
-81.5195173 28.39056323 0.08771052521001521 02264000
-81.6164632 28.38500749 0.07658047491429283 02266200
-81.579796 28.33278738 0.10504132890514374 02266300
-81.5439622 28.27584517 0.08659853108609267 02266495
-80.2587833 27.2048 1.2502625932272757 02277100
-80.2587833 27.2048 1.2502625932272757 02277100
-80.2074444 27.19902778 8.253577301326388 02277110
-80.1949722 25.9002222 0.22940605910020984 02286328
-80.37875 25.57091667 0.239649348859414 022907085
-80.3595556 25.5598611 0.2541509820153492 02290709
-80.8545278 25.46797778 0.200949732998807 022908295
-81.3825 25.8697222 10.383237179014936 02290928
-81.69313699 26.72173487 0.14264568486989906 02292900
-81.9994444 27.08666667 0.19609329445149817 02297345
-82.00730919 27.07755529 0.2077463621153263 02297350
-81.9356414 26.98478094 0.2833234695439633 02298202
-82.451425 27.11850278 30.754677194230524 02299730
-82.4474111 27.11271944 34.66851552794407 02299734
-82.4655556 27.1122222 34.239841521809424 02299735
-82.3670375 27.51364999 0.25082278147149495 023000095
-82.3264528 27.86934167 10.535630570666218 02301718
-82.3842598 27.85974739 23.16815960018923 02301721
-82.3637032 28.05446224 0.1857827237598162 02304000
-82.4345385 28.02113015 2.5066009098338706 02304510
-82.4424056 28.0151611 5.750212866502698 02304517
-82.451761 28.02113004 2.78450902550675 02306000
-82.45231658 28.02113003 2.682457653997535 023060003
-82.4548166 28.0202967 8.223859708210577 023060013
-82.4587057 27.94196627 23.766292645460936 02306028
-82.7226006 28.2502877 7.442305088772256 02310308
-82.5767656 28.71526419 1.1276711189694182 02310650
-82.6062107 28.71526404 5.337464930825355 02310663
-82.6247222 28.70263889 10.617906609142446 02310673
-82.6389891 28.69470935 12.960305193767853 02310674
-82.58871089 28.79970509 1.9598823771276621 02310678
-82.589822 28.79748294 0.5012123028446474 02310688
-82.60563889 28.8131111 5.303901878903976 02310689
-82.6026 28.80137159 2.8775496324359464 02310690
-82.6178779 28.78526096 3.0130393217126055 02310700
-82.695657 28.7716498 16.540891922881798 02310712
-82.5956566 28.890535 0.5430570892504357 02310740
-82.6055556 28.8933611 1.8503013503764325 02310742
-82.5931566 28.89470155 0.23584833898570864 02310743
-82.62388889 28.90638889 4.278797804024092 02310747
-82.6458056 28.90155556 12.598749212738086 02310752
-82.7657876 29.00110935 14.602666577395523 02313272
-82.9331875 30.3929988 0.07562721254322574 02315550
-83.0892778 30.43944444 0.135645666778255 02315626
-83.073195 30.59826888 0.033604307704872716 02317620
-83.2595906 30.59548716 0.2697356196947526 02319000
-83.2443097 30.48049106 0.13906483876736 02319302
-83.18013979 30.41049435 0.17002735962101034 02319394
-83.1351374 30.36132999 0.20533221117828143 02319520
-83.24958439 30.2449425 0.1570043903925853 02319800
-83.2271694 30.12572778 0.22455884135411416 02319950
-82.997352 30.0060603 0.18624164574925325 02320250
-82.4262246 29.9219073 0.0439350351800468 02321500
-82.7151204 29.84884769 0.15741239512977512 02322500
-82.758457 29.9799552 0.1480524989204203 02322688
-82.7859573 29.95273288 0.1557045884572211 02322700
-82.8604033 29.91162076 0.16461535286788703 02322800
-82.9331797 29.5891247 0.2497723113675429 02323502
-82.976791 29.4896808 0.2449973321232946 02323566
-83.9796085 30.3013159 0.13756578976658276 02326526
-84.30128689 30.23492447 0.14623671200223465 02327000
-84.3273972 30.07270485 27.57509020266413 02327031
-84.8590871 30.7010251 0.06661472691521923 02358000
-85.0154686 29.94937094 0.06705363896511927 02359170
-81.0643806 25.13696944 26.64351403281467 250802081035500
-80.7231111 25.17464167 4.0700655597575395 251032080432200
-80.6390528 25.19059444 7.507680102080649 251127080382100
-80.5841111 25.20330278 5.997844118095603 251209080350100
-80.5248667 25.232625 1.8675366302857224 251355080312800
-80.4475722 25.24210833 11.084404515004076 251433080265000
-80.6662611 25.25255556 5.147643250856549 251457080395802
-80.9331528 25.512125 0.27806722392131544 253044080555900
-81.16425 25.72902778 11.85011512786236 254344081095101
-81.53795 25.86051667 28.71914107114728 255138081321701
-80.6208333 25.86415 0.2653477517753579 255151080371501
-81.4555 25.89538889 8.981361359022905 255327081275900
-80.194775 25.900175 0.8980743743175857 255358080114102
-81.5109167 25.90880556 14.19302790217696 255432081303900
-81.5443056 25.926 27.431195766232925 255534081324000
-81.5844222 25.9523611 28.518579900423845 255654081350200
-81.5109083 25.9569972 0.5927635064034091 255726081303700
-80.08170838 26.9478354 28.18612868702401 265651080045500
-80.16 26.98528333 0.16872649033632478 265906080093500
-80.1548333 26.9914 0.1379845624243501 265929080091800
-82.69063889 28.92527778 13.893667887491132 285531082412600
-81.6059091 29.30858648 0.21858428633592084 291830081362200
-81.5811919 29.70385766 0.21399821909477407 294213081345300
-81.5959 30.13408889 0.11810967478824295 300803081354500
-81.6662048 30.1902405 0.23480443057405043 301124081395901
-81.7304 30.20118056 0.09152270957293965 301204081434900
-81.6601 30.30478056 0.247746771398548 301817081393600
-85.0591667 31.62219444 0.05245760634720593 023432415
-85.45325 34.20194444 0.0687794454725385 02397530
-81.6601 30.30478056 0.247746771398548 301817081393600
-81.55814749 30.3860727 12.345475949147582 302309081333001
-81.7592 30.43585 0.20807670049882795 302609081453300
-81.5233 30.44928889 10.586832778265533 302657081312400
-86.1955222 32.43985898 0.023054437451645794 02419890
-86.5491517 33.60371416 0.124323535788397 02423160
-86.5624847 33.53454886 0.20033602886321977 02423397
-86.7841551 33.3692767 0.1370634974002963 02423496
-86.7169325 33.52093809 0.16189518932985414 02423571
-86.6961013 33.71121273 0.1501319715454296 02455980
-86.8680483 33.5970492 0.21726037725102157 02457595
-86.7188778 33.5770483 0.17932162283711875 02458148
-86.8791584 33.5176059 0.19157849289811976 02458450
-86.8791584 33.5176059 0.19157849289811976 02458450
-86.8911032 33.5239948 0.19568454629810367 02458502
-86.8364556 33.5057722 0.20638938172950805 02461130
-86.8721722 33.4926111 0.1970565397100116 02461192
-88.4431868 46.7346552 0.059096494179831975 04043097
-87.8776299 46.78214818 0.03215274632226269 04043238
-87.8523522 46.7857589 0.05595439745267606 04043244
-87.8679127 46.49326948 0.033646846535141384 04057801
-87.2020793 45.7549674 0.15286807411149414 04059500
-87.2020793 45.7549674 0.15286807411149414 04059500
-86.2597325 41.8292138 0.283087282416435 04101500
-86.106703 42.65085976 0.2722792222983611 04108660
-86.0264354 43.0241884 0.30132721609906293 04119400
-84.0199939 44.0725203 0.20583389190010873 04142000
-83.9846833 42.88169789 0.36319301001335136 04144032
-83.8460698 42.9419733 0.4137704981110185 041482663
-83.951918 43.4219699 0.3256187079677724 04157005
-82.90881 42.5958674 0.4721960000056191 04165500
-83.2546513 42.3730923 0.6759339192304388 04166500
-83.53104619 41.9606008 0.34003429278024605 04176500
-91.1915556 30.44566667 0.23100819558770366 07374000
-91.1915556 30.44566667 0.23100819558770366 07374000
-89.9375 29.78416667 1.2946228117103398 073745253
-89.7195065 29.7082661 5.173781220256841 073745257
-89.7039524 29.57076989 0.7072517015034092 073745258
-89.5636694 29.63354395 18.334642800446478 07374526
-89.6060323 29.5859626 13.335558238506891 07374527
-89.5122222 29.56930556 17.439190724394564 073745275
-90.0485278 29.2313611 25.28951037875711 07380249
-89.9506268 29.42272045 20.074173663279954 07380251
-90.0411844 29.39855505 15.322105307763364 073802512
-89.9885 29.3336111 23.973302855981803 073802514
-89.9468056 29.27283333 26.94995313400038 073802516
-89.597 29.30452778 23.83648905222543 07380260
-90.1655556 29.56577778 1.146527524169036 07380330
-90.1814655 29.5177174 1.4314815750257417 07380335
-90.5367778 29.64705556 0.21158369445143138 07381150
-90.3808333 29.5772222 0.2946382901088472 07381235
-90.729812 29.38522075 7.686414018705938 07381328
-90.71 29.59805556 0.551100329530116 07381331
-90.9211111 29.24916667 16.80606697459868 07381349
-90.8713889 29.07805556 26.317548531198316 073813498
-90.544808 29.64521343 0.2123679070172687 07381350
-90.5576667 29.62733333 0.22883526833853116 07381355
-91.0997222 29.66833333 0.14046603928090926 073814675
-91.2119368 29.69281939 0.22101526917142575 07381600
-91.8803982 29.71326575 5.098496604520137 07387040
-92.1355556 29.67444444 5.682039810470373 07387050
-93.2473764 30.23714987 14.083857124233932 08017044
-93.2995989 30.0318786 21.10309887073043 08017095
-93.349043 29.8157762 19.610958377594773 08017118
-89.9405 29.3247222 26.84366629037006 291929089562600
-90.1 29.46666667 6.79989571350516 292800090060000
-90.0111111 29.48305556 13.0820807047663 292859090004000
-89.7605556 29.49777778 18.401229171351098 292952089453800
-90.9480556 29.49777778 0.18501794966456256 292952090565300
-91.3855556 29.54138889 0.21927202983651878 293229091230800
-92.6041667 29.63583333 20.502072977249362 293809092361500
-92.8230556 29.67916667 11.462917127695048 294045092492300
-92.4166667 29.78805556 0.27502867072955667 294717092250000
-90.2047222 29.85527778 0.2244432403053046 2951190901217
-89.9076944 29.85355556 0.2291412252311856 295124089542100
-93.1669444 29.87527778 1.4341550238672134 295231093100100
-90.3177778 29.91694444 0.22616467067525073 295501090190400
-93.5105556 29.9622222 1.0392079015340248 295744093303800
-90.6308333 30.10055556 0.20997976140707314 300602090375100
-89.2502778 30.12277778 19.12484212094446 300722089150100
-89.7405556 30.16694444 4.236928528038393 301001089442600
-90.64 30.22333333 0.08392047174357395 301324090382400
-101.879628 35.4703261 2.84329655521081 07227500
-100.2089951 33.62203029 44.873049200594 07311782
-98.5336663 33.90954178 3.3979314491808514 07312500
-98.2967139 34.0531504 2.5381966124034356 07312700
-95.9844444 33.6822222 0.2885478584352672 07332620
-95.9611111 33.74416667 0.36253078499729485 07332622
-94.1744444 30.1411111 0.05581972733762265 08041770
-94.1744444 30.1411111 0.05581972733762265 08041770
-97.3325167 32.76096337 0.2206375183963165 08048000
-96.9944444 32.7625 0.41627480112050064 08049500
-96.8927805 33.28344977 0.3692867802757422 08052700
-96.8919475 33.2192846 0.09183028341586996 08052745
-96.8219464 32.7748517 0.4053985304401463 08057000
-96.7358319 32.70763139 0.3829324537930391 08057410
-96.4630415 32.42652988 0.39558437486174275 08062500
-95.6563407 31.33851319 0.34094022951002645 08065350
-95.0323972 29.80674444 0.14995991167570605 08067074
-94.774366 29.9418847 0.15828427632672 08067100
-94.7149197 29.86744193 0.16307238024379192 08067118
-94.7699213 29.90160798 0.16040890048943304 08067215
-94.7313087 29.8124434 0.1550966184310154 08067252
-95.4571616 30.24465738 0.3088661182093474 08068000
-95.4363275 30.11049517 0.2515817187573325 08068500
-95.2579888 30.02716385 0.29031975115162756 08069500
-95.1246139 30.14523056 0.07651808589366953 08070200
-100.0264755 31.71542973 1.4910004019352279 08126380
-97.7713947 30.26354169 0.328999786764906 08155500
-98.1261111 30.03444444 0.2851613678373115 08170990
-98.5487944 29.24685278 0.39275697626719686 08180850
-98.4908493 29.2641276 0.49582145839454445 08181500
-98.3558463 29.2221853 0.5579155064791247 08181800
-97.7371389 28.84869444 0.590094365895315 08188060
-99.7047756 29.48856496 0.22229351893916327 08195000
-97.7758308 27.93779594 0.45234481744752564 08211200
-97.6255509 27.8969652 2.5686068201965395 08211503
-97.6161667 27.89775 3.472391608930366 0821150305
-106.5408218 31.80288488 1.9699663852473859 08364000
-104.2865896 29.51962973 0.7159723854043776 08374200
-103.5977778 29.1547222 0.7283749217744312 08374510
-102.9754409 29.1835386 0.7372959757138502 08375300
-101.7559523 29.78075694 0.6641817761039271 08377200
-103.8315824 31.87262648 6.8119757851715015 08412500
-103.0059908 31.3668055 9.10344095715188 08437710
-102.4176419 31.11320329 12.511073108845723 08446500
-101.7701244 30.65961373 8.11984493027914 08447000
-101.8030556 30.46888889 0.45002881714712073 08447018
-101.7415556 30.314 3.187519461262841 08447300
-101.4462223 29.8029823 1.678809382346733 08447410
-98.3913889 29.13388889 0.10909849032204477 290802098232901
-98.4958333 29.39194444 0.2646158855578907 292331098294501
-99.2833738 29.43856519 0.2171398052554534 292618099165901
-98.5955556 29.49527778 0.30237513090567797 292943098354404
-98.5613889 29.5211111 0.3047098169607717 293116098334101
-98.6355556 29.54777778 0.32400637957122913 293252098380801
-98.5486111 29.58777778 0.29754241603355014 293516098325501
-98.4483333 29.62944444 0.3135508499266706 293746098265401
-95.0644278 29.7785861 0.15284689519948094 294643095035200
-95.1242915 29.92369393 0.09741685868160092 295524095072701
-95.1667778 29.93825 0.10013579897224016 295554095093402
-95.1393833 29.97393333 0.10365353206994304 295826095082200
-76.08481 39.54794 0.0 CB1.1
-76.02599 39.44149 0.1 CB2.1
-76.17579 39.34873 4.36 CB2.2
-76.2405 39.2495 11.21 CB3.1
-76.30631 39.16369 12.99 CB3.2
-76.35967 38.99596 18.97 CB3.3C
-76.39945 38.82593 20.36 CB4.1C
-76.42127 38.64618 21.06 CB4.2C
-76.42794 38.55505 21.27 CB4.3C
-76.34565 38.41457 21.62 CB4.4
-76.29215 38.3187 21.69 CB5.1
-76.22787 38.13705 21.27 CB5.2
-76.17137 37.91011 20.78 CB5.3
-76.17466 37.80013 21.24 CB5.4
-76.18967 37.6918 22.48 CB5.5
-76.05799 37.58124 23.94 CB7.1S
-76.07966 37.41153 27.75 CB7.2
-76.12521 37.11681 30.27 CB7.3
-76.02048 36.9957 31.34 CB7.4
