1 120.750000 32.250000 4.000000
2 106.250000 9.750000 10.000000
3 95.750000 17.750000 15.000000
4 140.250000 51.750000 17.000000
5 113.250000 22.250000 20.000000
6 195.750000 62.750000 24.000000
7 282.750000 6.250000 25.000000
8 237.250000 48.750000 30.000000
9 143.250000 -3.750000 34.000000
10 111.750000 2.750000 41.000000
11 144.750000 -7.250000 46.000000
12 237.750000 37.750000 49.000000
13 282.750000 4.250000 51.000000
14 197.750000 60.250000 53.000000
15 120.250000 34.250000 55.000000
16 227.750000 56.750000 68.000000
17 116.750000 36.750000 72.000000
18 113.750000 22.750000 75.000000
19 209.750000 61.750000 77.000000
20 229.750000 54.250000 87.000000
21 103.250000 3.250000 90.000000
22 100.250000 13.750000 92.000000
23 215.250000 60.250000 95.000000
24 162.750000 56.250000 100.000000
25 281.750000 1.750000 102.000000
26 201.750000 58.750000 108.000000
27 229.750000 54.750000 113.000000
28 113.750000 22.750000 119.000000
29 221.750000 59.250000 122.000000
30 118.250000 5.750000 129.000000
31 102.250000 5.750000 148.000000
32 126.750000 37.250000 153.000000
33 245.250000 31.750000 165.000000
34 147.250000 -19.750000 171.000000
35 254.750000 21.750000 174.000000
36 150.750000 -23.250000 178.000000
37 130.250000 -13.250000 182.000000
38 129.750000 -15.250000 186.000000
39 135.250000 -14.750000 187.000000
40 122.250000 40.750000 188.000000
41 249.750000 27.750000 193.000000
42 118.750000 -20.250000 196.000000
43 113.750000 -24.750000 197.000000
44 116.250000 -21.250000 199.000000
45 114.250000 -27.750000 200.000000
46 204.100000 59.330000 203.000000
47 138.800000 37.300000 204.000000
48 236.000000 41.510000 205.000000
49 137.500000 52.700000 210.000000
50 141.530000 43.120000 214.000000
51 120.330000 28.150000 219.000000
52 226.300000 58.540000 231.000000
53 271.300000 13.430000 238.000000
54 111.830000 -7.100000 239.000000
55 140.070000 38.750000 241.000000
56 276.530000 8.950000 244.000000
57 136.740000 35.310000 249.000000
58 280.000000 -1.700000 257.000000
59 96.470000 18.920000 259.000000
60 128.850000 35.400000 262.000000
61 282.520000 1.620000 263.000000
62 99.830000 13.560000 272.000000
63 121.680000 16.600000 273.000000
64 135.630000 34.800000 274.000000
65 181.300000 67.670000 276.000000
66 114.640000 3.970000 277.000000
67 148.700000 -9.350000 280.000000
68 120.820000 15.150000 282.000000
69 117.290000 5.300000 283.000000
70 125.580000 -18.210000 289.000000
71 103.050000 5.130000 292.000000
72 235.832189 43.719153 300.000000
73 235.900000 40.490000 301.000000
74 115.920000 5.120000 303.000000
75 100.970000 4.820000 304.000000
76 281.180000 9.180000 312.000000
77 112.200000 -7.480000 314.000000
78 137.210000 36.700000 323.000000
79 117.230000 5.850000 324.000000
80 262.380000 16.280000 325.000000
81 235.940000 42.580000 326.000000
82 120.600000 15.900000 330.000000
83 131.380000 31.940000 334.000000
84 127.130000 41.530000 338.000000
85 126.860000 36.310000 339.000000
86 146.110000 -7.810000 340.000000
87 281.530000 0.870000 341.000000
88 277.670000 8.420000 347.000000
89 282.000000 -9.000000 348.000000
90 99.120000 14.430000 349.000000
91 132.300000 34.990000 350.000000
92 134.200000 34.050000 353.000000
93 147.180000 -9.050000 354.000000
94 158.400000 53.180000 355.000000
95 238.337525 38.023298 365.000000
96 118.750000 39.720000 367.000000
97 138.230000 36.620000 371.000000
98 121.650000 14.740000 375.000000
99 120.750000 23.830000 382.000000
100 236.196669 46.957512 383.000000
101 209.980000 62.330000 384.000000
102 99.140000 9.140000 385.000000
103 130.480000 33.320000 388.000000
104 260.370000 16.930000 393.000000
105 267.850000 14.680000 405.000000
106 108.720000 -7.460000 409.000000
107 278.370000 8.070000 414.000000
108 279.020000 8.240000 427.000000
109 118.180000 25.050000 433.000000
110 254.850000 21.970000 437.000000
111 126.300000 39.750000 439.000000
112 279.850000 -4.300000 440.000000
113 275.620000 9.930000 442.000000
114 235.727536 47.372247 444.000000
115 261.730000 16.700000 451.000000
116 136.180000 36.100000 457.000000
117 226.390000 58.200000 459.000000
118 138.550000 35.200000 460.000000
119 132.500000 34.450000 461.000000
120 120.650000 23.050000 464.000000
121 143.430000 42.930000 465.000000
122 126.180000 38.980000 466.000000
123 134.080000 34.670000 468.000000
124 178.280000 -17.810000 481.000000
125 277.170000 8.530000 482.000000
126 178.100000 -18.190000 491.000000
127 123.240000 41.460000 492.000000
128 101.450000 3.400000 494.000000
129 127.570000 35.180000 502.000000
130 142.600000 51.130000 506.000000
131 278.750000 8.200000 509.000000
132 126.450000 40.670000 511.000000
133 253.050000 24.490000 512.000000
134 236.530000 41.370000 515.000000
135 283.850000 -13.000000 516.000000
136 133.000000 33.230000 519.000000
137 123.770000 41.320000 521.000000
138 226.890000 57.170000 527.000000
139 121.370000 41.180000 531.000000
140 135.880000 34.750000 533.000000
141 110.230000 -7.740000 534.000000
142 253.400000 23.950000 535.000000
143 128.300000 35.310000 538.000000
144 126.720000 35.030000 548.000000
145 130.570000 32.920000 551.000000
146 251.980000 25.900000 554.000000
147 99.610000 7.550000 555.000000
148 130.750000 32.660000 556.000000
149 130.800000 32.220000 565.000000
150 256.370000 18.800000 568.000000
151 100.670000 5.200000 571.000000
152 271.590000 13.280000 572.000000
153 103.750000 1.780000 573.000000
154 120.800000 24.300000 575.000000
155 254.870000 20.920000 577.000000
156 126.220000 39.240000 579.000000
157 121.070000 22.900000 580.000000
158 126.990000 -14.660000 581.000000
159 254.650000 22.500000 585.000000
160 101.680000 2.850000 593.000000
161 236.128103 45.493498 599.000000
162 121.500000 24.180000 603.000000
163 101.160000 4.110000 613.000000
164 229.930000 56.030000 627.000000
165 250.950000 25.950000 628.000000
166 100.450000 6.220000 632.000000
167 279.470000 7.870000 633.000000
168 282.800000 -11.130000 635.000000
169 280.730000 -6.610000 637.000000
170 116.080000 5.780000 642.000000
171 269.910000 13.840000 645.000000
172 136.870000 35.200000 647.000000
173 127.420000 36.380000 649.000000
174 280.720000 -7.280000 650.000000
175 256.050000 18.950000 651.000000
176 147.600000 -20.580000 656.000000
177 145.980000 -17.620000 657.000000
178 145.620000 -16.800000 659.000000
179 120.530000 22.450000 670.000000
180 117.400000 39.770000 671.000000
181 135.080000 -16.450000 674.000000
182 252.620000 24.930000 688.000000
183 228.360000 56.210000 690.000000
184 264.670000 16.430000 692.000000
185 131.520000 34.050000 693.000000
186 148.130000 -20.830000 699.000000
187 121.300000 23.420000 704.000000
188 132.420000 44.270000 707.000000
189 279.520000 8.420000 714.000000
190 121.280000 24.650000 723.000000
191 103.170000 1.930000 724.000000
192 101.710000 3.150000 727.000000
193 224.720000 59.470000 735.000000
194 121.480000 24.570000 739.000000
195 236.680000 47.500000 753.000000
196 121.270000 24.300000 757.000000
197 116.820000 -23.310000 762.000000
198 147.380000 -9.280000 763.000000
199 132.640000 33.490000 768.000000
200 120.830000 24.450000 771.000000
201 210.580000 -17.550000 774.000000
202 166.280000 -21.950000 775.000000
203 275.350000 10.050000 777.000000
204 125.740000 -14.950000 778.000000
205 228.820000 55.380000 780.000000
206 120.450000 23.120000 796.000000
207 164.990000 -20.780000 802.000000
208 128.830000 41.730000 819.000000
209 121.170000 24.700000 820.000000
210 118.300000 -20.700000 824.000000
211 120.300000 23.280000 826.000000
212 164.420000 -20.430000 828.000000
213 126.210000 -14.800000 830.000000
214 283.000000 -11.800000 831.000000
215 126.790000 -14.790000 843.000000
216 120.450000 23.500000 846.000000
217 126.500000 -14.810000 850.000000
218 210.680000 -17.650000 864.000000
219 281.720000 -9.480000 872.000000
220 166.850000 -22.230000 876.000000
221 204.850000 19.770000 887.000000
222 281.980000 -10.070000 889.000000
223 115.830000 -30.980000 901.000000
224 115.110000 -25.740000 908.000000
225 200.580000 22.070000 910.000000
226 203.420000 20.950000 913.000000
227 203.870000 20.820000 914.000000
228 120.000000 30.000000 925.000000
